

W ERROR
0.7876390147857607 4.519650626730969 1.3204118455487937 1.233279319798502 2.666811523229308 4.624582962035726 4.8938288949718 4.888625627304856 4.770464034192094 4.388034042155346 5.027974456614651 
2.562367156723834 2.4410170340993487 2.9148596110300087 0.8103899241741915 2.8641056215485046 4.97956510767726 7.226539078929344E-21 2.9937013673193644 0.08395754676104217 1.8596809180049803 5.025041719751399 
2.242228830040918 4.577850214559245 4.939770923303726 0.22057146712497847 1.1852288497090322 0.5175695438131598 4.935775442949943E-4 0.09595408728071247 0.9104238092308954 3.947916969109657 5.027974456606564 
8.143307427425355E-21 0.18939483778940097 4.772581573268916 4.839916086658413 4.673348424882332 4.756855933364477 5.0236388387024045 4.854297856583171 0.0013600886794077976 5.0084557659370175 5.02797449888461 
0.5238062849417233 3.936414253844309 4.832013738582537 1.0833320144573422 4.642203208020548 4.646499198085413 2.990819943888603 2.9604819183658186E-21 2.3100202697864374 4.739145949448776 0.47785777801407825 
1.2053832426931175 2.4410689337205556 2.9152075131927395 8.119369808567586E-21 1.1908355189007547 4.045191595371275 4.933171130390451 2.9499816515883746 2.7068174985987747 1.908048082823635 4.951178509370526 
1.5030392226497113 2.244962102060498 1.375892489993558 4.893770652394271 2.3178976724599942 1.267528610876295E-21 2.944962942947271 2.5392907221842287 0.04341145967153156 2.4669718949262758 2.8873023892734953 
0.4860813273529355 4.257988136393012E-21 0.4203265440667275 3.133427453100514 2.8922144580560727 4.288162011023385 4.911416791362354 2.8043930505613055 2.61446135392171 2.1325467060462273 4.868878601487948 
3.992968009282626 0.035474870855517336 1.5478344590561072E-6 3.047215908545742 4.9185952638525405 4.987918615676934 4.998886005859994 4.133044324799553 2.589100947369314 5.027884775986813 5.027974456606526 
0.8565597029257536 1.2724406955438508 4.8097265702178715 0.11193919004444734 4.925272389563461 3.971302569035393 4.997710743269718 4.117629421926612 1.2704372970210027 0.4965204675883672 2.846555146441048E-21 
2.6962546204494826 4.533013691221372 4.920502473765889 1.2036284300675977 2.6802461890288947 4.34176075189218 5.002056147172202 4.887727731892237 4.764699528050247 0.52561344441442 4.504251459112129 

H ERROR
4.19122187174746 3.983021392357735 4.206177539586074 1.818012545117018E-21 1.1940355532199451 5.160440182263565E-21 3.6075839784682118 2.1312770850760425 4.332808152535063 2.043792586480384 4.1912218717474765 
4.218449102056195 1.862553526857181 3.6151318121547313 4.332808152535063 2.0692755002118774 2.1312770850760425 1.226422462725663 2.5773937180449128E-21 4.332808152535063 3.5293964397554283 5.027974456606526 
2.2119522784537855 1.9109731755082865E-21 0.11591268241594513 5.027974456606526 2.2119522784537837 3.8928793859185444 5.027974456606526 3.3651835917354673 5.027974456606525 5.027974456606526 3.6097643636479497 
2.020659444649143E-10 4.092537952003051E-21 3.568540776623571E-21 2.5950928101626336E-19 2.248327470195182E-21 6.960685497426394E-21 8.07052166750449E-10 0.2920916363755643 0.210251549119648 4.7914221478800924E-21 9.49382504414551E-21 
4.786726269093439E-21 5.0676142138831654E-21 1.9271356859283246E-21 9.49382504414551E-21 2.9689260551034804E-21 2.7997406316760754E-21 5.027974456606526 2.7912610604911725 3.964459894420358 8.322989554747957E-21 2.6738415358396205E-22 
5.027974456606526 5.027974456606526 0.5636848827273442 5.027974456606526 3.4145152806608783 4.357364865870956 5.027974456606526 3.7225379457241125E-21 2.2333716318485983 5.027974456606526 1.9875992307202586 
3.515564908468677 2.751445781075928 5.027974456606526 9.218982614923022E-21 5.027974456606526 3.2177728816854683 2.051420390820504 2.2333716318485988 7.28862707657264E-21 4.404727184336861 5.027974456606525 
6.297328614323233E-21 5.027974456606526 1.4538039817866025E-21 2.3851032176720703E-21 2.0750433054646495 3.2177728816854683 4.18385392844103 1.937404204248376 3.63544540981537 5.318997783242549E-21 2.545719821023854E-21 
5.027974456606526 3.6354454098153655 5.027974456606526 5.027974456606526 4.330445689074221 5.027974456606525 1.937404204248377 5.027974456606526 1.0960847374077016E-11 2.224315606041708 4.330445689074221 
1.706563720055176E-21 1.7870138984430646E-21 5.027974456606526 1.9610332852411778E-22 4.181258027738087E-21 7.447588252895078E-21 5.027974456606526 5.027974456606526 5.027974456606527 1.8446080924315003E-22 3.3769496090336817E-21 
5.027974456606526 5.027974456606526 5.027974456606526 5.027974456606526 5.027974456606526 9.496191874698312E-21 7.576205752939258E-22 4.547760526468733 2.080616106779535 5.027974456606526 5.027974456606526 
5.027974456606526 0.6227977785628338 5.027974456606526 5.027974456606526 5.027974456606526 5.027974456606526 1.2251835673299899E-21 3.970209905952304E-21 4.926923966015362 3.169777948137282 4.067238311415881 
3.406973033000236E-22 9.396438140897707E-23 5.754787271694584E-21 5.027969381829482 5.027974456606526 1.1208874247144439E-21 2.1762222643254363 2.8165008549420847 4.576771547705575 9.982742343141459E-21 9.396438140897707E-23 
5.027974456606526 2.0887816407753403 5.754787271694584E-21 3.71564654160014 3.741576783792708 2.6627364896505803 5.027974456606526 5.027974456606526 2.9030812639070707E-21 2.662736489650581 5.027974456606526 
5.027974456606526 5.027974456606526 5.027974456606526 3.7415767837927545 5.027974456606526 5.027974456606526 0.6307119687645688 5.027974456606526 5.993065774147758E-21 5.027974456606526 3.6323266940190737 
3.505326374766359E-12 5.027974456606526 3.8135328311049808 3.226917099166281 1.929493455950439 0.9946952850212714 8.738580476767179E-21 0.003336560100725433 1.9294934559504258 0.5291331377996177 5.027974456606526 
3.592403940870879E-21 5.027974456606526 6.647190367951974E-23 6.469218696588646E-21 5.027974456606526 1.9274056219509847 5.027974456606525 5.027974456606526 5.027974456606526 1.8067670486080846E-21 2.5431082259834604E-21 
3.592403940870879E-21 9.757539251686098E-22 9.124920649002642E-21 1.6198912367552767E-19 1.2707943949371825E-21 4.2264028952860004E-21 2.8615167656097027E-21 1.0917312018156684 5.027974456606526 9.615836929745357E-21 3.44210726039406E-21 
4.410134438783991 5.027974456606526 1.088450196201098 3.871325649225712 5.6889911597110325E-21 5.0256443091392 5.027974456606526 3.925346435534652 2.0002669457320628 5.027974456606526 5.0256443091392 
1.0904571626182031 5.027974456606526 4.974949658556632 5.027974456606526 5.027974456606526 0.37670733844480697 4.262862468133317 2.665384582538489 2.47332046166402E-21 5.027974456606526 2.9901768645923745 
5.027974456606525 0.6514581823512364 2.6653845825384552 2.9901768645923656 2.940675745365245 2.0824722372410576 5.027974456606526 8.811678198683468E-21 1.0829438396067939E-22 2.940675745365245 2.455947861636975 
