
W pso
0.42643488972731886 -0.006049163317011039 0.14732009848860805 -0.2682083898248676 0.039316437331635756 -0.03121414848019919 0.02632226660804531 -0.17755136583562267 -0.4701098508791057 -0.6846437133447001 -0.0 
0.29067707150082234 -0.11244538237729575 0.1147914416741299 0.4077834071839909 0.1401737414075554 -0.0051330476186103235 -0.6507212423343481 -0.4236922205757936 0.30913959619606796 -0.0721314420596206 -5.551115123125783E-17 
0.321299051662552 -0.10642213892900636 -0.24806464646182008 -0.3192658901225377 0.3812986949360232 0.3425306881831566 -0.14711783666928294 0.5237392614548255 0.3839479114250254 -0.1260794696859077 -9.857820956016425E-17 
0.32664856644505297 -0.11079085696698786 -0.22225919490245044 -0.16094749503371525 -0.5643915545573849 -0.21574284839403726 0.3087141570944334 -0.208422002702066 0.5389222569108605 -0.10704526935816674 3.743311212688336E-17 
0.24717800812844073 -0.04498676568551641 0.10054542640514494 0.39175820947859363 -0.5303221108540689 -0.05236973557048918 -0.23413749505328707 0.6245790859999503 -0.2079783561733965 -0.03371672265447988 6.171696679195469E-17 
0.29696800855748684 -0.1233650864901341 0.14425319934389855 0.5725779488354505 0.3901368068182156 -0.05985252665060556 0.6161393312365898 0.07297992036463974 0.07878530613571974 -0.03141086751975735 -5.88894937309411E-17 
0.2115255709945662 0.326733595506945 0.30183063485171596 0.006687487074897072 -0.23812765527103524 0.783113780601049 0.14247138266360987 -0.1813174263842837 0.014444500377067366 0.1843933692196315 -1.162062029852079E-16 
0.21011065554458924 0.6873009199155092 0.39309889553620714 -0.1810514440061836 0.1352389807812098 -0.4429544151808015 -0.052516862111797014 0.14817492820064904 0.19965362998624986 0.13073252422590934 3.385724519378334E-17 
0.1666489846375049 0.5307647856232083 -0.7574412986086675 0.25088506759267337 0.04323927248887812 0.019480360217763358 -0.017363387373140922 -0.09891856119212962 -0.20372087666004582 0.004305415957031134 -4.876226891381549E-18 
0.3590120845594777 -0.2069151392535974 -0.04427376209485363 -0.1686037966832813 0.04778468505558057 -0.09733158248115067 -0.02361429023875993 -0.07475314663176812 -0.23931329700224346 0.47194883959049255 0.7071067811865476 
0.3590120845594777 -0.2069151392535974 -0.04427376209485363 -0.1686037966832813 0.04778468505558057 -0.09733158248115067 -0.02361429023875993 -0.07475314663176812 -0.23931329700224346 0.47194883959049255 -0.7071067811865475 

H pso
0.0 0.0 0.0 0.0 0.0 0.6931471805599453 0.0 0.0 0.0 0.0 0.0 
0.0 0.0 0.0 0.0 0.0 0.0 0.0 0.6931471805599453 0.0 0.0 0.0 
0.0 0.6931471805599453 0.0 0.0 0.0 0.0 0.0 0.0 0.0 0.0 0.0 
1.0986122886681098 0.6931471805599453 0.6931471805599453 0.6931471805599453 0.6931471805599453 0.6931471805599453 1.0986122886681098 1.3862943611198906 1.0986122886681098 0.6931471805599453 0.6931471805599453 
0.6931471805599453 0.6931471805599453 0.6931471805599453 0.6931471805599453 0.6931471805599453 0.6931471805599453 0.0 0.0 0.0 0.6931471805599453 0.6931471805599453 
0.0 0.0 0.0 0.0 0.0 0.0 0.0 0.6931471805599453 0.0 0.0 0.0 
0.0 0.0 0.0 0.6931471805599453 0.0 0.0 0.0 0.0 0.6931471805599453 0.0 0.0 
0.6931471805599453 0.0 0.6931471805599453 0.6931471805599453 0.0 0.0 0.0 0.0 0.0 0.6931471805599453 0.6931471805599453 
0.0 0.0 0.0 0.0 0.0 0.0 0.0 0.0 0.6931471805599453 0.0 0.0 
0.6931471805599453 0.6931471805599453 0.0 0.6931471805599453 0.6931471805599453 0.6931471805599453 0.0 0.0 0.0 0.6931471805599453 0.6931471805599453 
0.0 0.0 0.0 0.0 0.0 0.6931471805599453 0.0 0.0 0.0 0.0 0.0 
0.0 0.0 0.0 0.0 0.0 0.0 0.6931471805599453 0.0 0.0 0.0 0.0 
0.6931471805599453 0.6931471805599453 0.6931471805599453 0.0 0.0 0.6931471805599453 0.0 0.0 0.0 0.6931471805599453 0.6931471805599453 
0.0 0.0 0.6931471805599453 0.0 0.0 0.0 0.0 0.0 0.6931471805599453 0.0 0.0 
0.0 0.0 0.0 0.0 0.0 0.0 0.0 0.0 0.6931471805599453 0.0 0.0 
0.6931471805599453 0.0 0.0 0.0 0.0 0.0 0.6931471805599453 1.0986122886681098 0.0 0.0 0.0 
0.6931471805599453 0.0 0.6931471805599453 0.6931471805599453 0.0 0.0 0.0 0.0 0.0 0.6931471805599453 0.6931471805599453 
0.6931471805599453 0.6931471805599453 0.6931471805599453 0.6931471805599453 0.6931471805599453 0.6931471805599453 0.6931471805599453 0.0 0.0 0.6931471805599453 0.6931471805599453 
0.0 0.0 0.0 0.0 0.6931471805599453 0.0 0.0 0.0 0.0 0.0 0.0 
0.0 0.0 0.0 0.0 0.0 0.0 0.0 0.0 0.6931471805599453 0.0 0.0 
0.0 0.0 0.0 0.0 0.0 0.0 0.0 0.6931471805599453 0.6931471805599453 0.0 0.0 

V pso
0.042772095346034614 -0.03517906477787595 0.059406801992266556 0.27068398671311306 0.24379846999048105 -0.04136320741286938 0.5053801664148403 0.06814491415173402 0.09712660526671796 -0.06569296633911437 0.1263766672017429 
0.03026209131355433 0.19599227197506397 0.16188721190734434 -0.08559136229998934 0.08451152524271797 -0.3061193298743449 -0.043076264033295224 0.138358163604752 0.24613319743070974 0.27341515824095075 0.15600838353131774 
0.041866016065271246 -0.03206517745959107 0.04727376915699772 0.19277801144196866 0.08759528219527057 -0.003547374274575934 -0.5337455232416022 -0.3956221088435766 0.3811076075572323 -0.15085633633753856 -0.18866514060891937 
0.5611802196916407 0.5167928067843477 0.04047706763340061 0.08307959380634015 -0.039764453494821106 0.10467794301091612 -0.015891353348446612 0.00975937380725472 -0.026634743667503076 0.10232184922128662 -0.32280137492612565 
0.3783980724266557 -0.2617474778200152 -0.021398823128113656 0.13543712061668828 -0.03013205703621584 -0.14958183010921472 -0.10501442773283133 0.24476020175998023 0.18995031256318998 -0.23241785867768228 0.4514568042094328 
0.030262091313554316 0.19599227197506394 0.16188721190734429 -0.08559136229998919 0.08451152524271834 -0.3061193298743449 -0.043076264033295154 0.13835816360475212 0.24613319743070958 0.2734151582409508 0.10171429754211714 
0.07104930255402993 0.11976070751912377 -0.4034633096142997 0.0425176357997588 -0.32567070519842417 -0.13563414044641522 0.23897662918438048 -0.28697888730587295 0.41323660135807266 -0.214871038723174 0.2899230552276451 
0.2581590847375736 -0.1816747085719945 -0.1694863250411014 -0.5132270394185944 -0.03012483149112798 -0.0684792886870616 0.1153991237392864 -0.010962584909863054 -0.03188797194798017 0.05464689617528484 -0.13111891059898714 
0.024002337136780946 0.1513540768015243 -0.3119318354939035 0.1186049348231014 0.02702044075836692 0.013462592563025904 -0.014242089662660613 -0.0923650892844327 -0.25114730325302687 0.009004385038497579 0.1841452378093782 
0.33212159389600304 -0.23139990197258858 0.08075993245349881 0.28636882194337515 -0.26840754607020617 -0.3862997882883363 0.015657038945480584 -0.2442807129383088 -0.28338106183953315 0.031265860115501545 -0.12055882557860001 
0.04277209534603478 -0.03517906477787621 0.059406801992266396 0.27068398671311306 0.24379846999048102 -0.04136320741286949 0.5053801664148401 0.06814491415173402 0.09712660526671871 -0.06569296633911384 -0.3150418078106625 
0.03046588059990527 0.09317208497532614 0.1243008324348431 0.003161483368696231 -0.14880717995046788 0.5411985015097063 0.11686027401526108 -0.1693049320064354 0.01780719470686039 0.3856419243970811 0.43215589324955894 
0.2957502307316307 -0.21732558152706122 0.028725720228559196 0.026322257759830044 0.6539600666514154 0.035706862634934486 -0.16618495193451657 -0.14382598158026505 -0.21803766373512887 0.061973017260304006 0.2899230552276456 
0.07027881566743369 0.12100650095409779 -0.4140905910755157 -0.03232676650358565 0.2652959297923575 0.2501805507421477 -0.13491355634097252 0.3966758254138566 0.222184071149696 -0.2546793337546858 -0.12055882557860007 
0.024002337136780946 0.1513540768015243 -0.3119318354939035 0.1186049348231014 0.02702044075836699 0.013462592563025953 -0.014242089662660629 -0.09236508928443271 -0.2511473032530269 0.009004385038497582 0.03476088803248449 
0.13984928055404364 0.4020874935068752 0.44155581460762267 -0.25929208394208075 0.009709459603581836 0.034439200577149866 0.07017650313833891 -0.11580080845655476 -0.17163281788468399 -0.6128752243302773 0.18882669951301378 
0.2581590847375736 -0.1816747085719945 -0.1694863250411014 -0.5132270394185944 -0.030124831491127907 -0.06847928868706141 0.11539912373928657 -0.010962584909863071 -0.03188797194798014 0.05464689617528483 -0.05754623000993213 
0.40886395302656103 -0.16857539284468878 0.1029020093067297 0.13859860398538462 -0.17893923698668363 0.39161667140049117 0.011845846282429759 0.07545526975354507 0.20775750727004966 0.15322406571939934 -0.10935451832343321 
0.03560087627777604 -0.012828527010553252 0.04140693076372374 0.1852021618802011 -0.33140097773083976 -0.03619195973470803 -0.1920481946453561 0.5831999813616856 -0.25639592831278135 -0.07051545217631368 0.10125791461872596 
0.024002337136780946 0.1513540768015243 -0.3119318354939035 0.1186049348231014 0.02702044075836699 0.013462592563025953 -0.014242089662660629 -0.09236508928443271 -0.2511473032530269 0.009004385038497582 0.03476088803248449 
0.054264428450335266 0.34734634877658815 -0.15004462358655912 0.03301357252311191 0.11153196600108513 -0.2926567373113189 -0.05731835369595573 0.04599307432031955 -0.005014105822317159 0.2824195432794485 0.08859683091574719 

R pso
lecturer,lecturer,0.9999999999999992
lecturer,student001,0.7392754642837845
lecturer,student002,0.8069858924521285
lecturer,student003,0.8069858924521288
lecturer,student004,0.6648328072768064
lecturer,student005,0.6844360841026133
lecturer,student006,0.6231350457637004
lecturer,student007,0.4998774653933736
lecturer,student008,0.2791779568658425
lecturer,student009,0.9295357008016448
lecturer,student010,0.9295357008016448



W ERROR
0.7876390147857607 4.519650626730969 1.3204118455487937 1.233279319798502 2.666811523229308 4.624582962035726 4.8938288949718 4.888625627304856 4.770464034192094 4.388034042155346 5.027974456614651 
2.562367156723834 2.4410170340993487 2.9148596110300087 0.8103899241741915 2.8641056215485046 4.97956510767726 7.226539078929344E-21 2.9937013673193644 0.08395754676104217 1.8596809180049803 5.025041719751399 
2.242228830040918 4.577850214559245 4.939770923303726 0.22057146712497847 1.1852288497090322 0.5175695438131598 4.935775442949943E-4 0.09595408728071247 0.9104238092308954 3.947916969109657 5.027974456606564 
8.143307427425355E-21 0.18939483778940097 4.772581573268916 4.839916086658413 4.673348424882332 4.756855933364477 5.0236388387024045 4.854297856583171 0.0013600886794077976 5.0084557659370175 5.02797449888461 
0.5238062849417233 3.936414253844309 4.832013738582537 1.0833320144573422 4.642203208020548 4.646499198085413 2.990819943888603 2.9604819183658186E-21 2.3100202697864374 4.739145949448776 0.47785777801407825 
1.2053832426931175 2.4410689337205556 2.9152075131927395 8.119369808567586E-21 1.1908355189007547 4.045191595371275 4.933171130390451 2.9499816515883746 2.7068174985987747 1.908048082823635 4.951178509370526 
1.5030392226497113 2.244962102060498 1.375892489993558 4.893770652394271 2.3178976724599942 1.267528610876295E-21 2.944962942947271 2.5392907221842287 0.04341145967153156 2.4669718949262758 2.8873023892734953 
0.4860813273529355 4.257988136393012E-21 0.4203265440667275 3.133427453100514 2.8922144580560727 4.288162011023385 4.911416791362354 2.8043930505613055 2.61446135392171 2.1325467060462273 4.868878601487948 
3.992968009282626 0.035474870855517336 1.5478344590561072E-6 3.047215908545742 4.9185952638525405 4.987918615676934 4.998886005859994 4.133044324799553 2.589100947369314 5.027884775986813 5.027974456606526 
0.8565597029257536 1.2724406955438508 4.8097265702178715 0.11193919004444734 4.925272389563461 3.971302569035393 4.997710743269718 4.117629421926612 1.2704372970210027 0.4965204675883672 2.846555146441048E-21 
2.6962546204494826 4.533013691221372 4.920502473765889 1.2036284300675977 2.6802461890288947 4.34176075189218 5.002056147172202 4.887727731892237 4.764699528050247 0.52561344441442 4.504251459112129 

H ERROR
4.19122187174746 3.983021392357735 4.206177539586074 1.818012545117018E-21 1.1940355532199451 5.160440182263565E-21 3.6075839784682118 2.1312770850760425 4.332808152535063 2.043792586480384 4.1912218717474765 
4.218449102056195 1.862553526857181 3.6151318121547313 4.332808152535063 2.0692755002118774 2.1312770850760425 1.226422462725663 2.5773937180449128E-21 4.332808152535063 3.5293964397554283 5.027974456606526 
2.2119522784537855 1.9109731755082865E-21 0.11591268241594513 5.027974456606526 2.2119522784537837 3.8928793859185444 5.027974456606526 3.3651835917354673 5.027974456606525 5.027974456606526 3.6097643636479497 
2.020659444649143E-10 4.092537952003051E-21 3.568540776623571E-21 2.5950928101626336E-19 2.248327470195182E-21 6.960685497426394E-21 8.07052166750449E-10 0.2920916363755643 0.210251549119648 4.7914221478800924E-21 9.49382504414551E-21 
4.786726269093439E-21 5.0676142138831654E-21 1.9271356859283246E-21 9.49382504414551E-21 2.9689260551034804E-21 2.7997406316760754E-21 5.027974456606526 2.7912610604911725 3.964459894420358 8.322989554747957E-21 2.6738415358396205E-22 
5.027974456606526 5.027974456606526 0.5636848827273442 5.027974456606526 3.4145152806608783 4.357364865870956 5.027974456606526 3.7225379457241125E-21 2.2333716318485983 5.027974456606526 1.9875992307202586 
3.515564908468677 2.751445781075928 5.027974456606526 9.218982614923022E-21 5.027974456606526 3.2177728816854683 2.051420390820504 2.2333716318485988 7.28862707657264E-21 4.404727184336861 5.027974456606525 
6.297328614323233E-21 5.027974456606526 1.4538039817866025E-21 2.3851032176720703E-21 2.0750433054646495 3.2177728816854683 4.18385392844103 1.937404204248376 3.63544540981537 5.318997783242549E-21 2.545719821023854E-21 
5.027974456606526 3.6354454098153655 5.027974456606526 5.027974456606526 4.330445689074221 5.027974456606525 1.937404204248377 5.027974456606526 1.0960847374077016E-11 2.224315606041708 4.330445689074221 
1.706563720055176E-21 1.7870138984430646E-21 5.027974456606526 1.9610332852411778E-22 4.181258027738087E-21 7.447588252895078E-21 5.027974456606526 5.027974456606526 5.027974456606527 1.8446080924315003E-22 3.3769496090336817E-21 
5.027974456606526 5.027974456606526 5.027974456606526 5.027974456606526 5.027974456606526 9.496191874698312E-21 7.576205752939258E-22 4.547760526468733 2.080616106779535 5.027974456606526 5.027974456606526 
5.027974456606526 0.6227977785628338 5.027974456606526 5.027974456606526 5.027974456606526 5.027974456606526 1.2251835673299899E-21 3.970209905952304E-21 4.926923966015362 3.169777948137282 4.067238311415881 
3.406973033000236E-22 9.396438140897707E-23 5.754787271694584E-21 5.027969381829482 5.027974456606526 1.1208874247144439E-21 2.1762222643254363 2.8165008549420847 4.576771547705575 9.982742343141459E-21 9.396438140897707E-23 
5.027974456606526 2.0887816407753403 5.754787271694584E-21 3.71564654160014 3.741576783792708 2.6627364896505803 5.027974456606526 5.027974456606526 2.9030812639070707E-21 2.662736489650581 5.027974456606526 
5.027974456606526 5.027974456606526 5.027974456606526 3.7415767837927545 5.027974456606526 5.027974456606526 0.6307119687645688 5.027974456606526 5.993065774147758E-21 5.027974456606526 3.6323266940190737 
3.505326374766359E-12 5.027974456606526 3.8135328311049808 3.226917099166281 1.929493455950439 0.9946952850212714 8.738580476767179E-21 0.003336560100725433 1.9294934559504258 0.5291331377996177 5.027974456606526 
3.592403940870879E-21 5.027974456606526 6.647190367951974E-23 6.469218696588646E-21 5.027974456606526 1.9274056219509847 5.027974456606525 5.027974456606526 5.027974456606526 1.8067670486080846E-21 2.5431082259834604E-21 
3.592403940870879E-21 9.757539251686098E-22 9.124920649002642E-21 1.6198912367552767E-19 1.2707943949371825E-21 4.2264028952860004E-21 2.8615167656097027E-21 1.0917312018156684 5.027974456606526 9.615836929745357E-21 3.44210726039406E-21 
4.410134438783991 5.027974456606526 1.088450196201098 3.871325649225712 5.6889911597110325E-21 5.0256443091392 5.027974456606526 3.925346435534652 2.0002669457320628 5.027974456606526 5.0256443091392 
1.0904571626182031 5.027974456606526 4.974949658556632 5.027974456606526 5.027974456606526 0.37670733844480697 4.262862468133317 2.665384582538489 2.47332046166402E-21 5.027974456606526 2.9901768645923745 
5.027974456606525 0.6514581823512364 2.6653845825384552 2.9901768645923656 2.940675745365245 2.0824722372410576 5.027974456606526 8.811678198683468E-21 1.0829438396067939E-22 2.940675745365245 2.455947861636975 
