fola
lecturer
nike
oginni
student1

type:document
achiev	collect	compon	dddddddddd	goal	integr	opii	opp	system	work	
fola	opii[6]-(1.0)	
lecturer	achiev[0]-(1.0)	collect[1]-(1.0)	compon[2]-(1.0)	goal[4]-(1.0)	integr[5]-(1.0)	system[8]-(1.0)	work[9]-(1.0)	
nike	dddddddddd[3]-(1.0)	
oginni	opp[7]-(1.0)	
student1	achiev[0]-(1.0)	collect[1]-(1.0)	compon[2]-(1.0)	goal[4]-(1.0)	integr[5]-(1.0)	work[9]-(1.0)	

W
0.0 -1.0 -0.0 -0.0 0.0 
0.7358822867326471 -0.0 -0.0 -0.0 -0.6771094889847064 
0.0 -0.0 -0.0 -1.0 0.0 
0.0 -0.0 -1.0 -0.0 0.0 
0.6771094889847064 -0.0 -0.0 -0.0 0.7358822867326471 

H
0.0 1.0 0.0 0.0 1.0 
0.0 1.0 0.0 0.0 1.0 
0.0 1.0 0.0 0.0 1.0 
0.0 0.0 1.0 0.0 0.0 
0.0 1.0 0.0 0.0 1.0 
0.0 1.0 0.0 0.0 1.0 
1.0 0.0 0.0 0.0 0.0 
0.0 0.0 0.0 1.0 0.0 
0.0 1.0 0.0 0.0 0.0 
0.0 1.0 0.0 0.0 1.0 

V
0.39932237169058654 0.0 0.0 0.0 0.0849017675556386 
0.39932237169058665 -0.0 0.0 0.0 0.08490176755563864 
0.3993223716905865 -0.0 0.0 0.0 0.08490176755563851 
0.0 -0.0 0.0 -1.0 0.0 
0.39932237169058654 -0.0 -0.0 0.0 0.0849017675556386 
0.39932237169058654 -0.0 -0.0 -0.0 0.0849017675556386 
-0.0 -1.0 0.0 0.0 0.0 
0.0 -0.0 -1.0 0.0 0.0 
0.20796600877169844 -0.0 0.0 0.0 -0.9781360535199433 
0.39932237169058654 -0.0 -0.0 -0.0 0.0849017675556386 

R
lecturer,lecturer,0.9999999999999998
lecturer,nike,0.0
lecturer,oginni,0.0
lecturer,student1,0.9258200997725513

