
W pso
0.0 -1.0 -0.0 -0.0 0.0 
0.7358822867326472 -0.0 -0.0 -0.0 -0.6771094889847062 
0.0 -0.0 -0.0 -1.0 0.0 
0.0 -0.0 -1.0 -0.0 0.0 
0.6771094889847062 -0.0 -0.0 -0.0 0.7358822867326472 

H pso
0.0 0.6931471805599453 0.0 0.0 0.6931471805599453 
0.0 0.6931471805599453 0.0 0.0 0.6931471805599453 
0.0 0.6931471805599453 0.0 0.0 0.6931471805599453 
0.0 0.0 0.6931471805599453 0.0 0.0 
0.0 0.6931471805599453 0.0 0.0 0.6931471805599453 
0.0 0.6931471805599453 0.0 0.0 0.6931471805599453 
0.6931471805599453 0.0 0.0 0.0 0.0 
0.0 0.0 0.0 0.6931471805599453 0.0 
0.0 0.6931471805599453 0.0 0.0 0.0 
0.0 0.6931471805599453 0.0 0.0 0.6931471805599453 

V pso
0.39932237169058654 0.0 0.0 0.0 0.08490176755563861 
0.39932237169058665 -0.0 0.0 0.0 0.0849017675556386 
0.3993223716905865 -0.0 0.0 0.0 0.0849017675556385 
0.0 -0.0 0.0 -1.0 0.0 
0.39932237169058654 -0.0 -0.0 0.0 0.08490176755563861 
0.39932237169058654 -0.0 -0.0 -0.0 0.08490176755563861 
-0.0 -1.0 0.0 0.0 0.0 
0.0 -0.0 -1.0 0.0 0.0 
0.20796600877169844 -0.0 0.0 0.0 -0.9781360535199433 
0.39932237169058654 -0.0 -0.0 -0.0 0.08490176755563861 

R pso
lecturer,lecturer,0.9999999999999998
lecturer,nike,0.0
lecturer,oginni,0.0
lecturer,student1,0.9258200997725513



W ERROR
2.4645145326142126 5.036182923431092 5.045810109249047 5.045810109249047 4.736580049315996 
2.3539604663031702E-15 5.045810109249047 5.045810109249047 5.045810109249047 4.752347739237824 
2.464514532614213 5.045810109249047 5.045810109249047 5.036182923431092 4.7365800493159975 
5.045810109249047 5.045810109249047 5.036182923431092 5.036182923431092 5.045810109249047 
0.15089285387902387 5.045810109249047 5.045810109249047 5.045810109249047 9.75922474267181E-15 

H ERROR
1.8030074047952471 1.8063076926902892E-13 1.8030074047952462 5.045810109249024 1.806307695700896E-13 
1.8030074047952471 1.2184613755346418E-10 5.045810109249024 3.2142829741715038 1.806307695700896E-13 
5.045810109249024 1.2184613755346418E-10 5.045810109249024 5.045810109249024 1.2184613755346418E-10 
5.045810109249024 5.028148840980428 1.2184613755346418E-10 5.045810109249024 5.045810109249024 
5.045810109249024 1.2184613755346418E-10 5.045810109249024 5.045810109249024 1.2184613755346418E-10 
5.045810109249024 1.2184613755346418E-10 5.028148840980428 5.045810109249024 1.2184613755346418E-10 
1.2184613755346418E-10 5.045810109249024 5.045810109249024 5.028148840980428 5.045810109249024 
5.045810109249024 5.045810109249024 5.045810109249024 1.2184613755346418E-10 5.045810109249024 
4.418410476682786 2.052644024346528E-9 4.418410476682786 5.045810109249024 4.418410476682786 
4.418410476682786 1.2184613755346418E-10 5.045810109249024 5.027978712348629 2.052644024346528E-9 
