
W pso
0.2590450812052446 -0.027977187289244723 0.00868682376045073 -0.1956779794117794 0.16502873257003703 -0.42025995926579346 0.09137396463533333 -0.12197871267325211 0.21728076339543578 -0.6920502678122438 0.20093831941923448 -0.2664538139537343 0.030184916635545695 -0.16768143557246712 0.01096025257503625 -8.67376703900849E-15 1.5394558551168471E-16 -1.2207972374275175E-17 -1.742199278917277E-18 -6.491776441304015E-17 1.7224154352228327E-31 -2.3453561903659035E-32 -1.1261152879485489E-32 -0.0 
0.007495735974468088 0.16655432963042976 -0.6866323747633615 -0.025490967876070726 -9.086648703455557E-4 -0.009334576177262095 -0.0012678101688309725 -3.072136836782133E-4 -0.6764064468200248 -0.19839006046274832 -0.020503932515398476 -0.03988902080339473 0.026529840074426225 -0.01311564942107934 0.015109755343295507 1.4984852214937315E-15 1.3987272894538743E-16 -9.812032919963434E-17 -3.14756518646542E-17 -7.087570808495051E-17 -3.379255530404566E-17 -1.8090858930322675E-18 4.431344278212348E-17 2.785107186959848E-17 
0.007495735974468103 0.16655432963042938 -0.6866323747633615 -0.02549096787607087 -9.086648703455877E-4 -0.009334576177261397 -0.00126781016883179 -3.0721368367795824E-4 0.6764064468200246 0.19839006046274837 0.020503932515398605 0.039889020803394834 -0.026529840074426294 0.013115649421079465 -0.015109755343295613 -1.50074145555204E-15 -9.272160270063992E-17 9.232813177235786E-17 2.062920647705114E-17 4.6384831301262056E-17 1.589338253880964E-17 -1.9550387479492278E-17 1.615731452386783E-17 -9.351674587796762E-18 
0.2289521236548959 -0.057934173697373456 -0.012916758671901011 -0.02047609984865322 -0.0014409747471830282 0.12290931981805141 0.1865415100915639 0.24576126148232402 -0.005356868156858794 0.22489776383790416 -0.41976924953000266 -0.5876119292230794 0.14396974831633463 -0.4837592649819537 -0.0805066209401109 -3.771871973430963E-15 -3.039634406557507E-16 3.324372566413742E-17 1.4188476462369604E-17 1.018891008428429E-16 5.192592040757272E-18 -2.126510965159499E-17 4.3590986233588443E-17 -1.4335680622403887E-17 
0.20169801234064813 -0.06578301729472096 -0.022358945422017266 0.27045880049223475 0.07375013522042714 -0.07134388754398183 -0.3311995122693923 0.10545364662707701 -0.0821204102220794 0.2191544693332761 0.5913724636131964 0.1422744575055866 0.06928909199069531 -0.5290170273913427 -0.20150471775839413 -1.2586597514121363E-14 9.232501724128969E-17 -4.7073391234582976E-17 -2.03497533694269E-16 -4.470813675018569E-17 4.2948050249427477E-17 -6.8106626977867284E-18 -7.682125855027355E-18 -3.5020616437111356E-18 
0.20169801234064813 -0.06578301729472096 -0.0223589454220173 0.2704588004922348 0.07375013522042767 -0.0713438875439814 -0.33119951226939187 0.10545364662707526 0.07263032589901108 -0.29807380863370175 -0.6039404126261143 0.4362790038603157 -0.09456861477021357 -0.12766414031785756 -0.2748674108209229 -1.9541432986241485E-14 2.0700527406177783E-17 -3.3627365276943206E-16 -8.716328189917312E-17 -2.1160818470217265E-16 2.0603045420725274E-17 5.28546248395097E-17 -1.0992013094511414E-16 8.644890656412063E-18 
0.2289521236548959 -0.05793417369737352 -0.012916758671901028 -0.020476099848653163 -0.0014409747471834007 0.12290931981805123 0.18654151009156475 0.24576126148232438 -0.03611170475085422 -0.006663823894919327 0.17669195850838437 -0.15812275243177554 -0.5965313784530066 0.29873983282469935 -0.5750363860931893 -3.0435129481064906E-14 1.6402164573106748E-16 -4.0866612816977284E-16 1.9359941900572815E-17 -2.7363778209484607E-16 -5.120733275724948E-17 2.3079225732769238E-17 -2.4855371085401134E-17 -5.871074391345321E-18 
0.2009162304339206 -0.034592582698969324 -9.142020153771418E-4 -0.13924426947669957 -0.3887910955474072 0.051179890553505136 -0.12627671834578097 -0.13900544037127682 -0.015139933075626392 0.016469888587169454 -0.03727494856153027 0.04788421369521164 -0.6453963502575801 -0.29225191528167266 0.49383152448310474 7.090918425048819E-15 2.0061870014521838E-16 -5.8554775556565654E-18 6.566916673000219E-17 6.83696866738222E-17 -3.1363605348762283E-18 -7.191109347781752E-18 1.137043237512226E-17 -1.1434978624096033E-17 
0.2009162304339206 -0.034592582698969324 -9.142020153771418E-4 -0.13924426947669957 -0.38879109554740715 0.05117989055350514 -0.12627671834578072 -0.1390054403712766 0.005046644358544892 -0.005489962862398394 0.012424982853843644 -0.01596140456506871 0.21513211675251281 0.09741730509388 -0.16461050816107045 0.8162182567896438 -0.018825683280991917 0.0065047267329483485 2.981782983867245E-4 0.00759060068599383 -5.823512338354008E-17 -2.7437680186224405E-18 1.1836273190968181E-17 2.2874126436212918E-17 
0.1636114184937036 -0.07969545752530792 -0.03507442489832129 0.4257951464070869 0.002294479639344379 0.09814279472210345 0.31045408510237316 -0.4222904261916174 -4.672385261266965E-17 1.7064150237365626E-16 2.7278435280897554E-16 -8.214578324894038E-16 -3.358540994850317E-16 -3.3177951648374104E-16 -9.591054639796807E-16 0.017726146656693177 0.6836437608736533 -0.15048580722692526 -0.05812186445570246 -0.07932756544030724 -2.7007461612241663E-17 -1.6359546760263405E-17 4.2960482687972604E-17 -2.9216650824353554E-18 
0.1636114184937036 -0.07969545752530792 -0.03507442489832129 0.4257951464070869 0.002294479639344379 0.09814279472210345 0.31045408510237316 -0.4222904261916174 8.368119567914261E-17 2.052301241638136E-16 4.16177810648173E-16 -5.832816755200854E-16 -1.4399619834808157E-16 1.0765901340003855E-16 4.373937861483554E-16 -0.017726146656693215 -0.6836437608736533 0.15048580722692526 0.05812186445570247 0.07932756544030724 5.563217662793421E-17 -3.2153481026277233E-17 3.656055677535963E-17 -7.542569771715733E-18 
0.2289521236548959 -0.05793417369737352 -0.012916758671901033 -0.020476099848653093 -0.0014409747471829857 0.12290931981805148 0.18654151009156453 0.24576126148232336 0.010367143226928248 -0.05455848498574618 0.060769322755404136 0.18643367041371395 0.11314040753416824 0.04625485803931341 0.16388575175832557 0.0032275988124204212 -0.19683132742500445 -0.8346365285059001 0.011171392214591484 -0.12043287105115552 1.213175207357068E-16 5.1204007650084483E-17 8.434771524555337E-18 -2.408722222519858E-17 
0.2289521236548959 -0.05793417369737352 -0.012916758671901033 -0.020476099848653093 -0.0014409747471829857 0.12290931981805148 0.18654151009156453 0.24576126148232336 0.010367143226928225 -0.0545584849857462 0.06076932275540419 0.18643367041371406 0.11314040753416807 0.046254858039313534 0.16388575175832493 -3.4438368733170227E-4 0.14055631075753236 0.2579487260020783 0.8037505938159245 0.13300843056197967 -2.513778691936858E-16 -4.802888609119484E-17 9.730776760006897E-17 -9.834310228264192E-17 
0.2009162304339206 -0.034592582698969324 -9.142020153771418E-4 -0.13924426947669957 -0.38879109554740715 0.05117989055350514 -0.12627671834578075 -0.13900544037127663 0.0050466443585403704 -0.005489962862385564 0.012424982853843539 -0.015961404565071717 0.21513211675253338 0.09741730509389641 -0.16461050816101735 -0.4124972325054686 0.057624459589080954 -0.11551207497508446 -0.08690975321279723 0.6872377876910621 -1.2556466441144263E-15 4.3159169260580964E-16 1.091083017765867E-16 1.3998543913790755E-17 
0.2009162304339206 -0.034592582698969324 -9.142020153771418E-4 -0.13924426947669957 -0.38879109554740715 0.05117989055350514 -0.12627671834578075 -0.13900544037127663 0.0050466443585403704 -0.005489962862385564 0.012424982853843539 -0.015961404565071717 0.21513211675253338 0.09741730509389641 -0.16461050816101705 -0.4037210242841822 -0.03879877630808934 0.10900734824213622 0.08661157491441045 -0.6948283883770559 1.3222189167361807E-15 -4.3592447261344897E-16 -1.0649213880866094E-16 -2.5064949957026432E-17 
0.20169801234064813 -0.06578301729472096 -0.022358945422017273 0.2704588004922348 0.07375013522042739 -0.07134388754398165 -0.3311995122693922 0.1054536466270766 0.004745042161534055 0.039459669650212754 0.006283974506458824 -0.28927673068295046 0.012639761389759432 0.3283405838546002 0.23818606428965872 1.605285257463342E-14 -2.0184790846837984E-16 2.9753826323554847E-16 3.5551271819287945E-16 -1.2464689258185999E-15 -0.7070936797965072 0.0021867701325757054 -0.0037075636504741603 6.499411817085699E-18 
0.20169801234064813 -0.06578301729472096 -0.022358945422017273 0.2704588004922348 0.07375013522042739 -0.07134388754398165 -0.3311995122693922 0.1054536466270766 0.004745042161534055 0.039459669650212754 0.006283974506458824 -0.28927673068295046 0.012639761389759432 0.3283405838546002 0.23818606428965872 1.598243275853025E-14 6.165192790472992E-17 4.496383518604579E-17 -7.867720000705035E-17 1.4714247039862196E-15 0.7070936797965071 -0.0021867701325757067 0.0037075636504741954 -1.2129112133174951E-17 
0.16370549154455627 -0.031353824880272406 -0.0015551624413717925 -0.2643758869675497 0.3820124480911413 0.4046182816511068 -0.18815281266154663 -0.23931041830246835 -1.7884003168494505E-16 1.8247964548477026E-16 4.1066647713934805E-16 -2.0067865005330105E-16 -1.4705134333476487E-16 -1.7451188606124322E-17 -1.8950051737955048E-16 -4.12483981971594E-17 3.186150116584635E-17 -2.6919887756208516E-17 8.166317595336758E-18 2.712698414970174E-16 -3.6828478744848985E-4 -0.6375608757102346 -0.3058038491090559 -1.2961708651926885E-16 
0.16370549154455627 -0.031353824880272406 -0.0015551624413717925 -0.2643758869675497 0.3820124480911413 0.4046182816511068 -0.18815281266154663 -0.23931041830246835 -1.7884003168494505E-16 1.8247964548477026E-16 4.1066647713934805E-16 -2.0067865005330105E-16 -1.4705134333476487E-16 -1.7451188606124322E-17 -1.8950051737955048E-16 -4.124839960872791E-17 2.8923037342133777E-17 1.351035243209127E-17 -2.0665460674439894E-17 -3.073449494604477E-16 3.6828478744848985E-4 0.6375608757102346 0.3058038491090558 1.4388101328062783E-16 
0.25904508120524455 -0.027977187289244598 0.008686823760450721 -0.19567797941177933 0.16502873257003706 -0.4202599592657936 0.09137396463533363 -0.12197871267325262 -0.10864038169771734 0.34602513390612194 -0.10046915970961712 0.13322690697686695 -0.01509245831777293 0.08384071778623356 -0.005480126287518205 4.33043015910856E-15 -7.831094295352542E-17 1.0277593760851709E-17 -2.7345971426894748E-16 5.209344666751261E-17 0.004288631267709324 0.30579625210258227 -0.6375502018208943 -1.3629330564658044E-16 
0.25904508120524455 -0.027977187289244598 0.008686823760450721 -0.19567797941177933 0.16502873257003706 -0.4202599592657936 0.09137396463533363 -0.12197871267325262 -0.10864038169771734 0.34602513390612194 -0.10046915970961712 0.13322690697686695 -0.01509245831777293 0.08384071778623356 -0.005480126287518205 4.33043015910854E-15 -7.833003091618779E-17 6.4907899660391E-18 2.8524031976686436E-16 1.477677390708376E-17 -0.0042886312677093115 -0.3057962521025823 0.6375502018208944 1.289128677041512E-16 
0.2289521236548959 -0.05793417369737352 -0.012916758671901033 -0.020476099848653093 -0.0014409747471829857 0.12290931981805148 0.18654151009156453 0.24576126148232336 0.010367143226928218 -0.054558484985746204 0.06076932275540415 0.18643367041371403 0.1131404075341681 0.046254858039313645 0.1638857517583253 -0.0014416075625271428 0.02813750833373612 0.28834390125191095 -0.40746099301525796 -0.006287779755411933 1.1429263127466127E-16 -1.0746672645062855E-16 2.8725999550411117E-16 -0.7071067811865475 
0.2289521236548959 -0.05793417369737352 -0.012916758671901033 -0.020476099848653093 -0.0014409747471829857 0.12290931981805148 0.18654151009156453 0.24576126148232336 0.010367143226928218 -0.054558484985746204 0.06076932275540415 0.18643367041371403 0.1131404075341681 0.046254858039313645 0.1638857517583253 -0.0014416075625271428 0.02813750833373612 0.28834390125191095 -0.40746099301525796 -0.006287779755411933 9.774835240864575E-17 8.214258340196349E-17 -3.606866128556553E-16 0.7071067811865476 
0.22962157619761367 0.9408867442506392 0.22666324086145317 0.09367620953457642 0.0038076936870242717 0.0423907530949726 0.006373799393587406 0.0015841242030479896 1.3749866025167437E-16 7.335635816564457E-17 1.1674937402799435E-17 7.612811484964799E-17 -1.9490117320874628E-17 2.6196814170128376E-17 2.02364814551562E-17 -7.739294385897261E-18 2.4878032253363396E-17 5.561983337857317E-18 6.658744346823596E-18 -5.344703099039379E-18 3.611848392223677E-18 1.472079788746652E-17 -3.640369003023351E-17 -5.1870618936462234E-18 

H pso
0.0 0.6931471805599453 0.6931471805599453 0.0 0.0 0.0 0.0 0.0 0.0 0.0 0.0 0.0 0.0 0.0 0.0 0.0 0.0 0.0 0.0 0.0 0.0 0.0 0.0 0.0 
0.0 0.0 0.0 0.0 0.0 0.0 0.0 0.0 0.0 0.0 0.0 0.0 0.0 0.0 0.0 0.0 0.0 0.0 0.0 0.0 0.0 0.0 0.0 0.6931471805599453 
0.0 0.0 0.0 0.0 0.0 0.0 0.0 0.0 0.0 0.0 0.0 0.0 0.0 0.0 0.0 0.0 0.0 0.0 0.0 0.0 0.0 0.0 0.0 0.6931471805599453 
1.0986122886681098 0.0 0.0 0.6931471805599453 0.6931471805599453 0.6931471805599453 0.6931471805599453 0.6931471805599453 0.6931471805599453 0.0 0.0 0.6931471805599453 0.6931471805599453 0.6931471805599453 0.6931471805599453 0.6931471805599453 0.6931471805599453 0.6931471805599453 0.6931471805599453 1.0986122886681098 1.0986122886681098 0.6931471805599453 0.6931471805599453 1.0986122886681098 
0.0 0.0 0.0 0.0 0.0 0.0 0.0 0.0 0.0 0.0 0.0 0.0 0.0 0.0 0.0 0.0 0.0 0.0 0.0 0.0 0.0 0.0 0.0 0.6931471805599453 
0.6931471805599453 0.0 0.0 0.6931471805599453 0.6931471805599453 0.6931471805599453 0.6931471805599453 0.6931471805599453 0.6931471805599453 0.6931471805599453 0.6931471805599453 0.6931471805599453 0.6931471805599453 0.6931471805599453 0.6931471805599453 0.6931471805599453 0.6931471805599453 0.0 0.0 0.6931471805599453 0.6931471805599453 0.6931471805599453 0.6931471805599453 0.0 
0.0 1.0986122886681098 1.0986122886681098 0.0 0.0 0.0 0.0 0.0 0.0 0.0 0.0 0.0 0.0 0.0 0.0 0.0 0.0 0.0 0.0 0.0 0.0 0.0 0.0 0.6931471805599453 
0.0 0.0 0.0 0.0 0.0 0.0 0.0 0.0 0.0 0.0 0.0 0.0 0.0 0.0 0.0 0.0 0.0 0.0 0.0 0.0 0.0 0.0 0.0 0.6931471805599453 
0.0 0.0 0.0 0.0 0.0 0.0 0.0 0.0 0.0 0.0 0.0 0.0 0.0 0.0 0.0 0.0 0.0 0.0 0.0 0.0 0.0 0.0 0.0 0.6931471805599453 
0.0 0.0 0.0 0.0 0.0 0.0 0.0 0.0 0.0 0.0 0.0 0.0 0.0 0.0 0.0 0.0 0.0 0.0 0.0 0.0 0.0 0.0 0.0 0.6931471805599453 
0.0 0.0 0.0 0.0 0.0 0.0 0.0 0.0 0.0 0.0 0.0 0.0 0.0 0.0 0.0 0.0 0.0 0.0 0.0 0.0 0.0 0.0 0.0 0.6931471805599453 
0.0 0.0 0.0 0.0 0.0 0.0 0.0 0.0 0.0 0.0 0.0 0.0 0.0 0.0 0.0 0.0 0.0 0.0 0.0 0.0 0.0 0.0 0.0 0.6931471805599453 
0.0 0.6931471805599453 0.6931471805599453 0.0 0.0 0.0 0.0 0.0 0.0 0.0 0.0 0.0 0.0 0.0 0.0 0.0 0.0 0.0 0.0 0.0 0.0 0.0 0.0 0.6931471805599453 
0.0 0.6931471805599453 0.6931471805599453 0.0 0.0 0.0 0.0 0.0 0.0 0.0 0.0 0.0 0.0 0.0 0.0 0.0 0.0 0.0 0.0 0.0 0.0 0.0 0.0 0.0 
0.0 0.0 0.0 0.0 0.0 0.0 0.0 0.0 0.0 0.0 0.0 0.0 0.0 0.0 0.0 0.0 0.0 0.0 0.0 0.0 0.0 0.0 0.0 0.6931471805599453 
0.0 0.0 0.0 0.0 0.0 0.0 0.0 0.0 0.0 0.0 0.0 0.0 0.0 0.0 0.0 0.0 0.0 0.0 0.0 0.0 0.0 0.0 0.0 0.6931471805599453 
0.6931471805599453 0.0 0.0 0.6931471805599453 0.0 0.0 0.6931471805599453 0.6931471805599453 0.6931471805599453 0.0 0.0 0.6931471805599453 0.6931471805599453 0.6931471805599453 0.6931471805599453 0.0 0.0 0.6931471805599453 0.6931471805599453 0.6931471805599453 0.6931471805599453 0.6931471805599453 0.6931471805599453 0.6931471805599453 
0.0 0.0 0.0 0.0 0.0 0.0 0.0 0.0 0.0 0.0 0.0 0.0 0.0 0.0 0.0 0.0 0.0 0.0 0.0 0.0 0.0 0.0 0.0 0.6931471805599453 
0.0 0.0 0.0 0.0 0.0 0.0 0.0 0.0 0.0 0.0 0.0 0.0 0.0 0.0 0.0 0.0 0.0 0.0 0.0 0.0 0.0 0.0 0.0 0.6931471805599453 
0.0 0.0 0.0 0.0 0.0 0.0 0.0 0.0 0.0 0.0 0.0 0.0 0.0 0.0 0.0 0.0 0.0 0.0 0.0 0.0 0.0 0.0 0.0 0.6931471805599453 
0.0 0.0 0.0 0.0 0.0 0.0 0.0 0.0 0.0 0.0 0.0 0.0 0.0 0.0 0.0 0.0 0.0 0.0 0.0 0.0 0.0 0.0 0.0 0.6931471805599453 
0.0 0.0 0.0 0.0 0.0 0.0 0.0 0.0 0.0 0.0 0.0 0.0 0.0 0.0 0.0 0.0 0.0 0.0 0.0 0.0 0.0 0.0 0.0 0.6931471805599453 
0.0 0.0 0.0 0.0 0.0 0.0 0.0 0.0 0.0 0.0 0.0 0.0 0.0 0.0 0.0 0.0 0.0 0.0 0.0 0.0 0.0 0.0 0.0 0.6931471805599453 
0.0 0.0 0.0 0.0 0.0 0.0 0.0 0.0 0.0 0.0 0.0 0.0 0.0 0.0 0.0 0.0 0.0 0.0 0.0 0.0 0.0 0.0 0.0 0.6931471805599453 
0.0 0.0 0.0 0.0 0.0 0.0 0.0 0.0 0.0 0.0 0.0 0.0 0.0 0.0 0.0 0.0 0.0 0.0 0.0 0.0 0.0 0.0 0.0 0.6931471805599453 
0.6931471805599453 0.0 0.0 0.6931471805599453 0.6931471805599453 0.6931471805599453 0.6931471805599453 0.6931471805599453 0.6931471805599453 0.6931471805599453 0.6931471805599453 0.6931471805599453 0.6931471805599453 0.6931471805599453 0.6931471805599453 0.6931471805599453 0.6931471805599453 0.6931471805599453 0.6931471805599453 0.6931471805599453 0.6931471805599453 0.6931471805599453 0.6931471805599453 0.6931471805599453 
0.0 0.0 0.0 0.0 0.0 0.0 0.0 0.0 0.0 0.0 0.0 0.0 0.0 0.0 0.0 0.0 0.0 0.0 0.0 0.0 0.0 0.0 0.0 0.6931471805599453 
0.0 0.6931471805599453 0.6931471805599453 0.0 0.0 0.0 0.0 0.0 0.0 0.0 0.0 0.0 0.0 0.0 0.0 0.0 0.0 0.0 0.0 0.0 0.0 0.0 0.0 0.6931471805599453 
0.0 0.0 0.0 0.0 0.0 0.0 0.0 0.0 0.0 0.0 0.0 0.0 0.0 0.0 0.0 0.0 0.0 0.0 0.0 0.0 0.0 0.0 0.0 0.6931471805599453 
0.0 0.0 0.0 0.0 0.0 0.0 0.0 0.0 0.0 0.0 0.0 0.0 0.0 0.0 0.0 0.0 0.0 0.0 0.0 0.0 0.0 0.0 0.0 0.6931471805599453 
0.0 0.6931471805599453 0.6931471805599453 0.0 0.0 0.0 0.0 0.0 0.0 0.0 0.0 0.0 0.0 0.0 0.0 0.0 0.0 0.0 0.0 0.0 0.0 0.0 0.0 0.0 
0.0 0.0 0.0 0.0 0.0 0.0 0.0 0.0 0.0 0.0 0.0 0.0 0.0 0.0 0.0 0.0 0.0 0.0 0.0 0.0 0.0 0.0 0.0 0.6931471805599453 
0.0 0.0 0.0 0.0 0.0 0.0 0.0 0.0 0.0 0.0 0.0 0.0 0.0 0.0 0.0 0.0 0.0 0.0 0.0 0.0 0.0 0.0 0.0 1.0986122886681098 
0.6931471805599453 0.0 0.0 0.6931471805599453 0.6931471805599453 0.6931471805599453 0.6931471805599453 0.6931471805599453 0.6931471805599453 0.6931471805599453 0.6931471805599453 0.6931471805599453 0.6931471805599453 0.6931471805599453 0.6931471805599453 0.6931471805599453 0.6931471805599453 0.6931471805599453 0.6931471805599453 0.6931471805599453 0.6931471805599453 0.6931471805599453 0.6931471805599453 0.0 
0.0 0.0 0.0 0.0 0.0 0.0 0.0 0.0 0.0 0.0 0.0 0.0 0.0 0.0 0.0 0.0 0.0 0.0 0.0 0.0 0.0 0.0 0.0 0.6931471805599453 
0.0 0.6931471805599453 0.6931471805599453 0.0 0.0 0.0 0.0 0.0 0.0 0.0 0.0 0.0 0.0 0.0 0.0 0.0 0.0 0.0 0.0 0.0 0.0 0.0 0.0 0.0 
0.6931471805599453 0.0 0.0 0.0 0.0 0.0 0.0 0.0 0.0 0.0 0.0 0.0 0.0 0.0 0.0 0.0 0.0 0.0 0.0 0.6931471805599453 0.6931471805599453 0.0 0.0 0.6931471805599453 
0.6931471805599453 0.0 0.0 0.6931471805599453 0.6931471805599453 0.6931471805599453 0.6931471805599453 0.6931471805599453 0.6931471805599453 0.6931471805599453 0.6931471805599453 0.6931471805599453 0.6931471805599453 0.6931471805599453 0.6931471805599453 0.6931471805599453 0.6931471805599453 0.0 0.0 0.6931471805599453 0.6931471805599453 0.6931471805599453 0.6931471805599453 0.6931471805599453 
0.0 0.0 0.0 0.0 0.0 0.0 0.0 0.0 0.0 0.0 0.0 0.0 0.0 0.0 0.0 0.0 0.0 0.0 0.0 0.0 0.0 0.0 0.0 0.6931471805599453 
0.0 0.0 0.0 0.0 0.0 0.0 0.0 0.0 0.0 0.0 0.0 0.0 0.0 0.0 0.0 0.0 0.0 0.0 0.0 0.0 0.0 0.0 0.0 0.6931471805599453 
0.6931471805599453 0.0 0.0 0.6931471805599453 0.6931471805599453 0.6931471805599453 0.6931471805599453 0.0 0.0 0.6931471805599453 0.6931471805599453 0.6931471805599453 0.6931471805599453 0.0 0.0 0.6931471805599453 0.6931471805599453 0.6931471805599453 0.6931471805599453 0.6931471805599453 0.6931471805599453 0.6931471805599453 0.6931471805599453 0.0 
0.0 0.0 0.0 0.0 0.0 0.0 0.0 0.0 0.0 0.0 0.0 0.0 0.0 0.0 0.0 0.0 0.0 0.0 0.0 0.0 0.0 0.0 0.0 1.0986122886681098 
0.0 0.0 0.0 0.0 0.0 0.0 0.0 0.0 0.0 0.0 0.0 0.0 0.0 0.0 0.0 0.0 0.0 0.0 0.0 0.0 0.0 0.0 0.0 0.6931471805599453 
0.0 0.6931471805599453 0.6931471805599453 0.0 0.0 0.0 0.0 0.0 0.0 0.0 0.0 0.0 0.0 0.0 0.0 0.0 0.0 0.0 0.0 0.0 0.0 0.0 0.0 0.0 
0.0 0.0 0.0 0.0 0.0 0.0 0.0 0.0 0.0 0.0 0.0 0.0 0.0 0.0 0.0 0.0 0.0 0.0 0.0 0.0 0.0 0.0 0.0 0.6931471805599453 
0.0 0.0 0.0 0.0 0.0 0.0 0.0 0.0 0.0 0.0 0.0 0.0 0.0 0.0 0.0 0.0 0.0 0.0 0.0 0.0 0.0 0.0 0.0 0.6931471805599453 

V pso
0.001320721175919184 0.053152244375500264 -0.32512269636926444 -0.021078597157987013 -9.084730809977262E-4 -0.011270307280912193 -0.002534173804486398 -8.37197580812228E-4 -0.34845973497645655 -0.7826872417843241 0.08165377410443084 0.11766731900126222 -0.014058148998800545 0.22703936991791368 -0.20093673584328442 -0.06111162913282185 0.08355088835038518 -0.1265223975763664 -0.0248177550921996 -0.09088463593430332 0.04725050043248453 -0.027432099308272107 -0.007201518697224189 -0.008034925145899666 
0.02022923960803604 0.15013191872900386 0.053662896438628434 0.03873064164660706 0.0019034450038938413 0.025590707289603096 0.00637016323712349 0.0021584731100195865 0.16000873138657845 -0.31383300501095723 -0.044177102987972 -0.4003328400723926 -0.05304857742005339 -0.70420855529266 -0.2740717338233471 -0.13213603928173942 0.0198282986011578 0.03209384194918651 -0.01003850178288309 0.08668657360149054 -0.1891292468768622 0.07862430176558537 0.005477057490649338 0.016305295478072943 
0.02022923960803606 0.15013191872900378 0.05366289643862837 0.03873064164660709 0.001903445003893875 0.025590707289602756 0.006370163237123484 0.002158473110020044 -0.2452645744763517 -0.1901489749572721 -4.593999256291858E-4 -0.18999832785366627 -0.03793606408156596 0.14328839027044743 0.35395180032432344 0.024639100645813275 -0.4047449422579759 0.5649498775116552 0.11882018887643962 0.34992294156439363 -0.06646869124713152 0.0638418197818385 0.028750116683353262 0.023811525607069776 
0.4323199428444945 0.08719019049351416 0.05370809215455814 -0.3757056291766848 0.14294148142007898 -0.28075301004856296 -0.6420198600229717 0.3873164575859065 4.080094143621466E-16 -2.764193711012643E-16 -7.263821083535278E-18 5.580838801815517E-17 1.091235622202424E-16 -3.2877667090633654E-16 7.179498549084485E-17 8.312747184662147E-17 -1.0269700730956299E-16 9.015922132736931E-17 1.9939571205071377E-17 8.39618022414254E-17 -2.4165364902786313E-17 2.5675958105471566E-17 2.15575180958292E-17 6.938893903907228E-18 
0.020229239608036062 0.1501319187290039 0.05366289643862822 0.03873064164660673 0.0019034450038941792 0.025590707289603103 0.0063701632371227935 0.0021584731100185487 -0.19578765864141917 -0.05690048676231012 0.4451482492030214 0.4357895975220184 -0.1289685758461186 -0.47148725608505865 0.43585513680170446 0.3102804292689672 0.0691977638992179 -0.09060002701298474 -0.016569621276009538 -0.04330368372539414 -0.014913861022192164 2.7433317052947566E-4 -0.003693847878100769 -0.0013703914964263231 
0.36019179796193634 -0.15835636846368678 -0.0508262043159791 0.27558986959231957 -0.3844860968658767 -0.2461194058205292 0.18426901949666746 0.17692015213166917 -0.07108857382538397 0.07848703704241086 0.4790518820755885 -0.46049565319160823 -0.06035588661089262 0.12737712413897162 0.0228086493323297 0.0602183791769395 0.061150792489391176 -0.08654590065792339 -0.017087765817113073 -0.05379038008287781 0.012562969172544309 -0.010712355638758672 -0.004381314678168164 -0.0037676603328260657 
0.02232253314577668 0.23437623289333864 -0.4616443854400061 0.005321855583389424 4.635492375982599E-4 0.007727692877752374 0.002353592786702354 8.315463387377304E-4 -0.35393556804312926 0.4500342092378906 0.16161401171210266 0.17111819405320064 -0.20271048815119325 -0.11641721043057524 -0.4551921196637235 -0.17771395885710423 -0.11355038988478347 0.16007001616680136 0.03091912775938336 0.09752039180173538 -0.019840894940354594 0.018405183559865423 0.007953110280308893 0.00661492479203233 
0.020229239608036062 0.1501319187290039 0.05366289643862846 0.03873064164660689 0.001903445003894029 0.025590707289602818 0.006370163237122974 0.0021584731100193063 -0.034527818920421637 0.034299970795679806 0.2785117848314282 0.1001662418427809 0.913559202082688 -0.01744220436046297 -0.07922876607014709 -0.16579151351675706 -0.014349524292724684 0.0396165036299018 0.0012562565409505112 0.04411930621322886 -0.06275594129083774 0.027920813156421007 0.003074851841724096 0.006210806734785504 
0.020229239608036062 0.1501319187290039 0.05366289643862846 0.03873064164660689 0.0019034450038940558 0.025590707289602836 0.006370163237123296 0.002158473110019622 0.030212620022126435 0.0028472681117005724 0.0076808840952218935 0.005874767377649893 -0.03752446208466364 0.07278433214664297 -0.007024891914816966 -0.005628329621556346 0.17293697854036272 -0.0655500835137655 -0.6270392221473587 0.32162435656453864 0.3486266779179168 -0.10436526670665262 0.08941358737893118 0.08013265024328087 
0.020229239608036062 0.1501319187290039 0.05366289643862846 0.03873064164660689 0.0019034450038940558 0.025590707289602836 0.006370163237123296 0.002158473110019622 0.03021262002212678 0.002847268111700715 0.007680884095221352 0.005874767377650204 -0.0375244620846635 0.07278433214664227 -0.007024891914816337 -0.007988093422734472 0.7148707147831926 0.3180724426124622 0.2659366076798276 -0.18170456635254403 -0.021030756222719087 0.20191310069734886 -0.023853576955017212 0.028835947607890752 
0.020229239608036062 0.1501319187290039 0.05366289643862846 0.03873064164660689 0.0019034450038940558 0.025590707289602836 0.006370163237123296 0.002158473110019622 0.030212620022126428 0.0028472681117005655 0.007680884095221473 0.005874767377650316 -0.03752446208466358 0.0727843321466429 -0.007024891914816775 -0.02243660712414883 0.04609716847658898 -0.5456981715063882 0.5356148829536497 0.5915182711931701 0.061926274972321234 0.016911217255732212 0.008949052494888574 0.012724922984939742 
0.020229239608036062 0.1501319187290039 0.05366289643862846 0.03873064164660689 0.0019034450038940558 0.025590707289602836 0.006370163237123296 0.002158473110019622 0.03021262002212641 0.002847268111700577 0.007680884095221735 0.0058747673776504035 -0.03752446208466354 0.07278433214664354 -0.0070248919148157285 -0.005552230326963228 -0.3820162767212294 -0.3569145958404077 -0.17843288633506288 -0.3200314214694054 -0.22387778313118908 0.4549753755169417 -0.12431611493336621 0.02074562184924858 
0.02154996078395548 0.20328416310450412 -0.2714597999306358 0.017652044488619626 9.949719228964642E-4 0.01432040000869079 0.003835989432636946 0.0013212755292073813 -0.2230585190287472 0.10791859954803527 -0.3198727593486373 -0.247879189471092 0.16134125211943254 -0.07102478944322381 0.22191037878904277 0.19102202817172648 -0.05779979537869604 -0.1435909820627258 0.2795811784152954 -0.38271539345826 0.19805186378032233 -0.13746757026837383 0.08191084640248443 0.05973922324966916 
0.0013207211759194174 0.0531522443755003 -0.32512269636926466 -0.021078597157987062 -9.084730809977271E-4 -0.011270307280911825 -0.0025341738044864066 -8.371975808121742E-4 0.3388878440134378 -0.036609325748875245 0.0754848991095127 0.026718784793868272 0.0031660417456140003 0.02488178048488975 0.11964460463899411 -0.013571661103903976 -0.014052289585172887 0.15460300403719096 0.06346067988657192 0.12465439350585275 0.0027960574694569696 0.39397034051416563 -0.2981095731107627 -0.03217589814267798 
0.020229239608036062 0.1501319187290039 0.05366289643862846 0.03873064164660689 0.0019034450038940558 0.025590707289602836 0.006370163237123296 0.002158473110019622 0.0302126200221264 0.0028472681117005724 0.007680884095221672 0.005874767377650362 -0.03752446208466366 0.0727843321466435 -0.007024891914815631 -0.0073696073605868506 0.00984441572989781 -0.003311189767990982 -0.011588092557281432 -0.02383723088208657 -0.6221325627368328 -0.5699253260833202 0.044959807124082 0.01813856034924374 
0.020229239608036062 0.1501319187290039 0.05366289643862846 0.03873064164660689 0.0019034450038940558 0.025590707289602836 0.006370163237123296 0.002158473110019622 0.0302126200221264 0.0028472681117005724 0.007680884095221672 0.005874767377650362 -0.037524462084663666 0.07278433214664348 -0.007024891914815715 -0.00736960736060296 0.009844415729940836 -0.0033111897679500533 -0.011588092557616366 -0.023837230882051558 0.038867560550997785 -0.29816537012030075 -0.7455950372378168 -0.1489550968571824 
0.30936071345740246 0.04918922612166695 0.039882242510857646 -0.7036722741112086 -0.15041396738980775 0.3217785135050198 0.5180365544054509 0.10297310980265927 -1.5615355141250526E-16 -1.5249024051628042E-16 1.0410860158539641E-16 1.3366391100198287E-16 -1.2546760804268111E-16 1.787255105698366E-17 1.292861776619841E-16 1.4923831090054176E-16 4.086037012151049E-17 -5.387806501691447E-18 4.8113462598982485E-18 -8.442494274811948E-18 2.599800869143385E-17 -4.369424681825185E-18 -8.983144452283847E-18 2.6020852139652106E-18 
0.020229239608036062 0.1501319187290039 0.05366289643862846 0.03873064164660689 0.0019034450038940558 0.025590707289602836 0.006370163237123296 0.002158473110019622 0.0302126200221264 0.0028472681117005724 0.007680884095221672 0.005874767377650362 -0.037524462084663666 0.07278433214664348 -0.007024891914815715 -0.007369607360603057 0.009844415729940824 -0.0033111897679498057 -0.011588092557615866 -0.023837230882051752 -0.031734794940385544 0.14147785856659392 0.0296304394999821 -0.08313303196783768 
0.020229239608036062 0.1501319187290039 0.05366289643862846 0.03873064164660689 0.0019034450038940558 0.025590707289602836 0.006370163237123296 0.002158473110019622 0.0302126200221264 0.0028472681117005724 0.007680884095221672 0.005874767377650362 -0.037524462084663666 0.07278433214664348 -0.007024891914815715 -0.007369607360603057 0.009844415729940822 -0.0033111897679499324 -0.011588092557616446 -0.023837230882051648 -0.03048681466471978 0.07004526752489351 0.5273007146976113 -0.2740648804105041 
0.020229239608036062 0.1501319187290039 0.05366289643862846 0.03873064164660689 0.0019034450038940558 0.025590707289602836 0.006370163237123296 0.002158473110019622 0.0302126200221264 0.0028472681117005724 0.007680884095221672 0.005874767377650362 -0.037524462084663666 0.07278433214664348 -0.007024891914815715 -0.007369607360603057 0.009844415729940822 -0.003311189767949969 -0.011588092557616312 -0.02383723088205163 -0.02924886896963898 0.026505348728763728 0.0111963813155342 -0.22470206070454685 
0.020229239608036062 0.1501319187290039 0.05366289643862846 0.03873064164660689 0.0019034450038940558 0.025590707289602836 0.006370163237123296 0.002158473110019622 0.0302126200221264 0.0028472681117005724 0.007680884095221672 0.005874767377650362 -0.037524462084663666 0.07278433214664348 -0.007024891914815715 -0.007369607360603057 0.009844415729940822 -0.0033111897679499688 -0.011588092557616338 -0.02383723088205163 -0.029248868969633746 0.026505348728733783 0.011196381315334751 -0.12163247929124173 
0.020229239608036062 0.1501319187290039 0.05366289643862846 0.03873064164660689 0.0019034450038940558 0.025590707289602836 0.006370163237123296 0.002158473110019622 0.0302126200221264 0.0028472681117005724 0.007680884095221672 0.005874767377650362 -0.037524462084663666 0.07278433214664348 -0.007024891914815715 -0.007369607360603057 0.009844415729940822 -0.0033111897679499688 -0.011588092557616338 -0.02383723088205163 -0.029248868969633725 0.026505348728730296 0.011196381315328558 0.8986687374021304 
0.020229239608036062 0.1501319187290039 0.05366289643862846 0.03873064164660689 0.0019034450038940558 0.025590707289602836 0.006370163237123296 0.002158473110019622 0.0302126200221264 0.0028472681117005724 0.007680884095221672 0.005874767377650362 -0.037524462084663666 0.07278433214664348 -0.007024891914815715 -0.007369607360603057 0.009844415729940822 -0.0033111897679499688 -0.011588092557616338 -0.02383723088205163 -0.029248868969633725 0.026505348728730307 0.011196381315329322 -0.011770100188124768 
0.020229239608036062 0.1501319187290039 0.05366289643862846 0.03873064164660689 0.0019034450038940558 0.025590707289602836 0.006370163237123296 0.002158473110019622 0.0302126200221264 0.0028472681117005724 0.007680884095221672 0.005874767377650362 -0.037524462084663666 0.07278433214664348 -0.007024891914815715 -0.007369607360603057 0.009844415729940822 -0.0033111897679499688 -0.011588092557616338 -0.02383723088205163 -0.029248868969633725 0.026505348728730314 0.011196381315329252 -0.01177010018812481 
0.020229239608036062 0.1501319187290039 0.05366289643862846 0.03873064164660689 0.0019034450038940558 0.025590707289602836 0.006370163237123296 0.002158473110019622 0.0302126200221264 0.0028472681117005724 0.007680884095221672 0.005874767377650362 -0.037524462084663666 0.07278433214664348 -0.007024891914815715 -0.007369607360603057 0.009844415729940822 -0.0033111897679499688 -0.011588092557616338 -0.02383723088205163 -0.029248868969633725 0.026505348728730314 0.011196381315329252 -0.011770100188124813 
0.40926534452443863 -0.018230350907235675 0.0021003175722863598 0.09570688908196745 -6.508340677323777E-4 0.26799614492053647 -0.18545176590314805 -0.4730736515299632 0.12099824145799502 -0.03883344972531362 0.015762966180514575 2.861971874919402E-4 0.06958979978624558 0.02482809118660335 -0.3134819697356784 0.578234858551342 -0.0937924359156308 0.09641166484956636 0.036290228829347036 0.030432023108776872 0.08503375848082849 -0.02785068774711211 0.0034938720004629767 -0.0031269517119201728 
0.020229239608036062 0.1501319187290039 0.05366289643862846 0.03873064164660689 0.0019034450038940558 0.025590707289602836 0.006370163237123296 0.002158473110019622 0.0302126200221264 0.0028472681117005724 0.007680884095221672 0.005874767377650362 -0.037524462084663666 0.07278433214664348 -0.007024891914815715 -0.007369607360603057 0.009844415729940822 -0.0033111897679499688 -0.011588092557616338 -0.02383723088205163 -0.029248868969633725 0.026505348728730314 0.011196381315329252 -0.011770100188124813 
0.02154996078395548 0.20328416310450412 -0.2714597999306358 0.017652044488619626 9.949719228964642E-4 0.01432040000869079 0.003835989432636946 0.0013212755292073813 -0.2230585190287472 0.10791859954803527 -0.3198727593486373 -0.247879189471092 0.16134125211943248 -0.07102478944322381 0.22191037878904205 0.201983781585773 0.25472554637238426 -0.13166904852012637 -0.3322242913039578 0.2193397411964515 -0.1731067184516471 0.1095761108144491 -0.0952877431710521 -0.07026548363536496 
0.020229239608036062 0.1501319187290039 0.05366289643862846 0.03873064164660689 0.0019034450038940558 0.025590707289602836 0.006370163237123296 0.002158473110019622 0.0302126200221264 0.0028472681117005724 0.007680884095221672 0.005874767377650362 -0.037524462084663666 0.07278433214664348 -0.007024891914815715 -0.007369607360603057 0.009844415729940822 -0.0033111897679499688 -0.011588092557616338 -0.02383723088205163 -0.029248868969633725 0.026505348728730314 0.011196381315329252 -0.011770100188124813 
0.020229239608036062 0.1501319187290039 0.05366289643862846 0.03873064164660689 0.0019034450038940558 0.025590707289602836 0.006370163237123296 0.002158473110019622 0.0302126200221264 0.0028472681117005724 0.007680884095221672 0.005874767377650362 -0.037524462084663666 0.07278433214664348 -0.007024891914815715 -0.007369607360603057 0.009844415729940822 -0.0033111897679499688 -0.011588092557616338 -0.02383723088205163 -0.029248868969633725 0.026505348728730314 0.011196381315329252 -0.011770100188124813 
0.0013207211759194174 0.0531522443755003 -0.32512269636926466 -0.021078597157987062 -9.084730809977271E-4 -0.011270307280911825 -0.0025341738044864066 -8.371975808121742E-4 0.3388878440134378 -0.036609325748875245 0.0754848991095127 0.026718784793868272 0.003166041745614099 0.024881780484889777 0.11964460463899478 -0.012217519625853799 -0.02881707994975057 -0.0021751829973940266 -0.01166848998644641 -0.008320089790375618 -0.01451487625646889 -0.12260610250441503 0.10202753567272171 0.01341755864460383 
0.020229239608036062 0.1501319187290039 0.05366289643862846 0.03873064164660689 0.0019034450038940558 0.025590707289602836 0.006370163237123296 0.002158473110019622 0.0302126200221264 0.0028472681117005724 0.007680884095221672 0.005874767377650362 -0.037524462084663666 0.07278433214664348 -0.007024891914815715 -0.007369607360603057 0.009844415729940822 -0.0033111897679499688 -0.011588092557616338 -0.02383723088205163 -0.029248868969633725 0.026505348728730314 0.011196381315329252 -0.011770100188124813 
0.0320625861968403 0.23795346134678738 0.08505367853530896 0.06138661463874103 0.0030168889533571026 0.04056031142095211 0.010096469854312895 0.003421098938196073 0.06259903021287112 -0.028487380701784075 0.02462382341492668 -0.07027319381092954 -0.0135449883414579 -0.10598311431010397 0.025159254506149076 -0.18338064762388473 -0.1095106755438371 0.03233087735240142 0.034877840035632525 -0.12317461848540145 0.3796672798131105 -0.15173516596262385 -0.006842607138308322 -0.0301061375480873 
0.3890361049164025 -0.16836226963623954 -0.05156257886634202 0.0569762474353604 -0.0025542790716264574 0.24240543763093353 -0.19182192914027135 -0.4752321246399829 -0.12099824145799541 0.0388334497253138 -0.01576296618051542 -2.8619718749279486E-4 -0.0695897997862455 -0.024828091186602817 0.31348196973567766 -0.5782348585513427 0.09379243591563069 -0.09641166484956605 -0.03629022882934697 -0.030432023108776678 -0.08503375848082863 0.02785068774711215 -0.0034938720004629724 0.0031269517119201892 
0.020229239608036062 0.1501319187290039 0.05366289643862846 0.03873064164660689 0.0019034450038940558 0.025590707289602836 0.006370163237123296 0.002158473110019622 0.0302126200221264 0.0028472681117005724 0.007680884095221672 0.005874767377650362 -0.037524462084663666 0.07278433214664348 -0.007024891914815715 -0.007369607360603057 0.009844415729940822 -0.0033111897679499688 -0.011588092557616338 -0.02383723088205163 -0.029248868969633725 0.026505348728730314 0.011196381315329252 -0.011770100188124813 
0.0013207211759194174 0.0531522443755003 -0.32512269636926466 -0.021078597157987062 -9.084730809977271E-4 -0.011270307280911825 -0.0025341738044864066 -8.371975808121742E-4 0.3388878440134378 -0.036609325748875245 0.0754848991095127 0.026718784793868272 0.003166041745614099 0.024881780484889777 0.11964460463899478 -0.012217519625853799 -0.02881707994975057 -0.0021751829973940266 -0.01166848998644641 -0.008320089790375618 -0.01451487625646889 -0.12260610250441503 0.10202753567272171 0.01341755864460383 
0.08869342886794536 0.13673943923864726 0.05983275603384985 -0.20397987374628088 0.24939429563077375 -0.735524546715177 0.28033567473524607 -0.4964535122256574 3.646270465572573E-16 1.5870790352266964E-16 1.3903740640126372E-16 -1.8073307415108237E-16 1.113371648907135E-16 4.773560709191747E-16 2.7905277565867574E-16 -3.595607160925179E-18 -9.606296395070967E-17 1.214880071107195E-16 -2.9185144769098096E-19 -1.3957247575950763E-17 1.2996742596286253E-16 -3.0827171627506574E-17 -1.0558356791892033E-17 -9.107298248878237E-18 
0.38042103756997236 -0.008224449734682827 0.0028366921226492298 0.31432051123892646 -0.3825826518619825 -0.22052869853092605 0.19063918273379116 0.17907862524168797 0.0710885738253842 -0.07848703704241046 -0.47905188207558813 0.46049565319160835 0.060355886610892646 -0.12737712413897234 -0.02280864933232947 -0.06021837917693914 -0.06115079248939093 0.08654590065792304 0.017087765817113007 0.053790380082877634 -0.012562969172544347 0.01071235563875866 0.004381314678168146 0.0037676603328260553 
0.020229239608036062 0.1501319187290039 0.05366289643862846 0.03873064164660689 0.0019034450038940558 0.025590707289602836 0.006370163237123296 0.002158473110019622 0.0302126200221264 0.0028472681117005724 0.007680884095221672 0.005874767377650362 -0.037524462084663666 0.07278433214664348 -0.007024891914815715 -0.007369607360603057 0.009844415729940822 -0.0033111897679499688 -0.011588092557616338 -0.02383723088205163 -0.029248868969633725 0.026505348728730314 0.011196381315329252 -0.011770100188124813 
0.020229239608036062 0.1501319187290039 0.05366289643862846 0.03873064164660689 0.0019034450038940558 0.025590707289602836 0.006370163237123296 0.002158473110019622 0.0302126200221264 0.0028472681117005724 0.007680884095221672 0.005874767377650362 -0.037524462084663666 0.07278433214664348 -0.007024891914815715 -0.007369607360603057 0.009844415729940822 -0.0033111897679499688 -0.011588092557616338 -0.02383723088205163 -0.029248868969633725 0.026505348728730314 0.011196381315329252 -0.011770100188124813 
0.3182346996844598 -0.1462833070145511 -0.050696823521298694 0.28725968564194226 0.7748637899291607 0.1188190889445274 0.31299678838645617 0.28238398806261383 -1.0613464880259172E-16 -1.0758954440880115E-16 3.753725543557718E-16 3.051961785989921E-16 -2.289982015787388E-16 -1.7535931817412637E-16 1.24868907208474E-16 1.3536919635486739E-16 3.9866403217634446E-17 -1.05378272498169E-16 -1.5186347677722817E-17 -7.037657168424486E-17 1.5529488380517717E-17 -1.9600757827829967E-17 3.098436985690427E-18 -3.0357660829594124E-18 
0.0320625861968403 0.23795346134678738 0.08505367853530896 0.06138661463874103 0.0030168889533571026 0.04056031142095211 0.010096469854312895 0.003421098938196073 0.06259903021287112 -0.028487380701784075 0.02462382341492668 -0.07027319381092954 -0.0135449883414579 -0.10598311431010397 0.025159254506149076 -0.18338064762388473 -0.1095106755438371 0.03233087735240142 0.034877840035632525 -0.12317461848540145 0.3796672798131105 -0.15173516596262385 -0.006842607138308322 -0.0301061375480873 
0.020229239608036062 0.1501319187290039 0.05366289643862846 0.03873064164660689 0.0019034450038940558 0.025590707289602836 0.006370163237123296 0.002158473110019622 0.0302126200221264 0.0028472681117005724 0.007680884095221672 0.005874767377650362 -0.037524462084663666 0.07278433214664348 -0.007024891914815715 -0.007369607360603057 0.009844415729940822 -0.0033111897679499688 -0.011588092557616338 -0.02383723088205163 -0.029248868969633725 0.026505348728730314 0.011196381315329252 -0.011770100188124813 
0.0013207211759194174 0.0531522443755003 -0.32512269636926466 -0.021078597157987062 -9.084730809977271E-4 -0.011270307280911825 -0.0025341738044864066 -8.371975808121742E-4 0.3388878440134378 -0.036609325748875245 0.0754848991095127 0.026718784793868272 0.003166041745614099 0.024881780484889777 0.11964460463899478 -0.012217519625853799 -0.02881707994975057 -0.0021751829973940266 -0.01166848998644641 -0.008320089790375618 -0.01451487625646889 -0.12260610250441503 0.10202753567272171 0.01341755864460383 
0.020229239608036062 0.1501319187290039 0.05366289643862846 0.03873064164660689 0.0019034450038940558 0.025590707289602836 0.006370163237123296 0.002158473110019622 0.0302126200221264 0.0028472681117005724 0.007680884095221672 0.005874767377650362 -0.037524462084663666 0.07278433214664348 -0.007024891914815715 -0.007369607360603057 0.009844415729940822 -0.0033111897679499688 -0.011588092557616338 -0.02383723088205163 -0.029248868969633725 0.026505348728730314 0.011196381315329252 -0.011770100188124813 
0.020229239608036062 0.1501319187290039 0.05366289643862846 0.03873064164660689 0.0019034450038940558 0.025590707289602836 0.006370163237123296 0.002158473110019622 0.0302126200221264 0.0028472681117005724 0.007680884095221672 0.005874767377650362 -0.037524462084663666 0.07278433214664348 -0.007024891914815715 -0.007369607360603057 0.009844415729940822 -0.0033111897679499688 -0.011588092557616338 -0.02383723088205163 -0.029248868969633725 0.026505348728730314 0.011196381315329252 -0.011770100188124813 

R pso
lecturer,lecturer,0.9999999999999991
lecturer,oginni,-2.0995405663592355E-17
lecturer,oginni1,2.3365403850009983E-18
lecturer,student1,0.9295357008016449
lecturer,student10,0.8716443860425829
lecturer,student101,0.8716443860425831
lecturer,student11,0.9295357008016447
lecturer,student2,0.8716443860425828
lecturer,student21,0.8716443860425829
lecturer,student3,0.7250144435993057
lecturer,student31,0.7250144435993057
lecturer,student4,0.9295357008016447
lecturer,student41,0.9295357008016447
lecturer,student5,0.8716443860425829
lecturer,student51,0.8716443860425829
lecturer,student6,0.8716443860425831
lecturer,student61,0.8716443860425831
lecturer,student7,0.8098356959966665
lecturer,student71,0.8098356959966665
lecturer,student8,0.9999999999999992
lecturer,student81,0.9999999999999992
lecturer,student9,0.9295357008016447
lecturer,student91,0.9295357008016447
lecturer,z,0.3237450799979533



W ERROR
1.5759649020498332 3.353137649821486 2.4378379197750397E-4 3.239336864450487 1.2695615737154785E-4 2.909002803299779 2.0087219899340654 5.021675588827633 1.1841348971187289 0.4741246913687082 0.27340656417535547 7.570629994163369E-21 4.381880926704305 2.745286834209709 4.75850887571285 1.0383799185145255 0.08628781498657101 4.523782813534565 5.027978026642737 4.548847944507907 0.27053261096254244 5.027974456720578 5.027978356827899 5.027979388283891 
4.77395559103797 0.6119890305536555 3.4241238352258905 4.5180244364223885 5.027349859508697 4.784786023324599 4.968904318104858 5.024893970637645 1.4964079369962093E-21 0.7411323068201271 6.03320287826064E-21 0.049480468337667616 1.008754783966584 3.258948964165206 4.624591075746732 4.61502440417587 1.0898270371608005 5.027978699985214 5.0279744566065245 4.819274579263949 4.362226230823215 5.0279782286219055 5.027979651669961 5.02798011020087 
4.773955591037968 0.6119890305536546 3.424123835225731 4.5180244364223885 5.027349859508705 4.784786023324595 4.96890431811007 5.0248939706376445 1.6227513877773818 3.774007159106216E-7 0.8338775229153181 2.6435866496906923 4.657316280482737 1.941398062288203 4.308364964538805E-8 5.027974456606526 5.027974456606526 4.828125942107956 0.044892068608949696 5.02797864248737 5.027974456606526 4.348722112745072 4.6325021439995355 4.81758205500541 
5.2273134338191355E-21 1.3597684965592727 4.351250681996618 4.838063741537501 2.6334047256381257 4.5287786136556055E-5 1.1590276054289097 7.337264049476085E-4 5.027977943134526 5.027974456606521 5.027974456606521 8.322820310507895E-21 0.3731564388471267 3.506029047229594 4.730860456925255 5.027980595934752 5.027980595934752 5.027980595934752 5.027980595934751 5.027980595934752 5.027980595934752 5.027980595934754 5.027980595934751 5.027980595934754 
1.1917544250620136 0.46723301199617506 4.545164247637144 1.1446007087844605 1.6800854319315643 4.784505276162258 2.2059960765990736 3.299464028996826 9.347894512499864E-21 3.3655859921047178 2.829343329017871 4.89744810397996 1.4337205957928494 0.22067248745792906 4.57395878137194 5.027977907113986 5.027977965090764 5.026730462156909 4.786306114808582 5.027980077015119 5.027978758920723 4.8240708640699195 4.921723943573381 4.971118991170579 
0.17597095032694016 3.5239256798669185 4.528681651595687 0.2560859148431687 1.3125999140186126 1.909427278846664 4.8276763822613126E-17 0.6250715935661206 2.33621663056584 2.5129487711474945 1.0613095482147203 0.22607816795180835 0.3158919862684558 2.602288276230655 0.7142584658747129 0.6531701048898553 0.6391858710735532 4.805871137815796 5.027977558854326 4.65625988923747 1.5573979804160052 5.027977891240887 5.027979086300247 5.027979821178547 
0.30103418416572725 1.1629813455460023 4.6737972709041955 4.839112882078874 3.7161320592884937 1.1864167076879326 0.9851593734834583 3.0479511986774024 4.355274471653163 1.1905289149646003 5.020317711258366 2.390284039461766 1.258474002415883 0.012004654999171173 0.052900333277011914 4.781478032184741 5.02121720065114 4.93993879156962 4.958932028324171 5.019980370332592 4.975134184989997 5.026235812954988 5.027980543774988 5.027980567433718 
1.1899041166858149 0.539927148687968 4.544244120274732 4.519280849052171 5.02211894286248 4.784707048353018 3.709235491087681 0.09614382520985798 4.931621641060571 4.861097918439142 1.3383301628308486 1.6302067675793777 3.2666376490589024 5.6158949240366636E-8 0.005463057372515924 5.027974456606501 0.015775341394837702 5.027974456606523 5.027974456607166 5.027980027876763 4.99797463994198 5.027977708717139 5.027980543880723 5.02784950301874 
1.1899041166858149 0.539927148687968 4.544244120274732 4.519280849052171 5.022118942862479 4.784707048353018 3.7092354910877807 0.09614382521108053 4.889858270397897 4.725216925860248 2.3473229855227116 3.0144619092565192 4.5889658974227405 0.30556305755569346 0.2764064983190851 1.1873926088560762 1.1829216008766945 3.521352009362 0.08229853738507052 1.4915605453493663 5.027978536509978 5.027974456606526 5.027974456606682 2.6778657051043044 
1.4132486913576534 0.8808530350120012 4.545924724557136 0.06415531552965269 4.5920357707069615 4.578864750011308 0.6091328751282012 5.024770808826224 4.889846916196147 4.72522696510677 5.027979337195105 5.027980102377483 5.027979493762077 4.907434308992327 5.027980215052175 4.814138004391881 1.439202934986404 6.752808013198619E-21 0.9498723535186553 4.538702801806946 0.16229184097113866 5.0279744566065245 5.027974456606526 5.027979166405266 
1.4132486913576534 0.8808530350120012 4.545924724557136 0.06415531552965269 4.5920357707069615 4.578864750011308 0.6091328751282012 5.024770808826224 4.88984691619614 4.725226965106772 5.0279793371951165 5.02798010237746 5.027979493762074 4.907434308992344 5.027980215052184 4.833389475644408 7.454992173750029E-21 0.19250612370919634 1.8003260885514524E-21 0.5840124093102174 3.2260166276499294 5.027974456606526 5.0279779983399155 5.027980571859484 
0.30135953667151505 0.5008499844949013 4.544819441249194 4.516503785734787 5.02216796996951 1.4957489569950963E-4 1.1414498667459314 3.0477739542904803 4.889861053321957 4.5603701993557335 4.519226129084525 4.827652172036756 3.4311609832765955 0.7527182639007984 0.6621319004559739 3.4556255649719216 0.9752908202416953 2.1452526833604743E-21 3.815716578634659E-21 5.0198123811915325 5.02797445660652 5.027974456606526 5.027980191378915 9.1668478890848E-11 
0.3011958742723439 1.1616638382416282 3.500295098253508 4.77936881762164 5.024800719010107 1.1829785688815897 0.9804642203869658 3.0478625780984574 1.6644926690977342 0.0013832848959109108 4.517833046007347 3.348447425152217 0.6579712577637489 0.3380446954771927 1.051162461287478 4.586247615359213 0.059283623081581534 7.738365957445141E-16 0.047196329731002636 3.97847407526738 5.027974456606526 5.027974456606526 5.027974457133267 4.5113832035058925 
1.1834216104953714 3.4028982866162507 0.524370808317103 3.5025166301564146 3.3281178491965373 4.843168441756429 3.2611735913809374 5.023328465590845 4.975262852698076 0.46233251171280976 4.5468642545632525 3.9728270736152553 4.561091979270117 0.30185698036187303 0.16901306189882143 0.04803514605092788 0.3269976433127265 0.6395825813061033 2.5227742511375473 6.318009867239558E-21 5.0279744566065325 5.027980210335441 1.2447772347816972 4.470529902026137 
1.1899041166858149 0.539927148687968 4.544244120274732 4.519280849052171 5.022118942862479 4.784707048353018 3.7092354910877763 0.09614382521108053 4.889858270397902 4.725216925860248 2.3473229855504534 3.0144619085008597 4.588965897422751 0.305563057555674 0.2764064983196458 0.45186683550698453 4.878197589039249 4.891831415822064 3.223685736263984 7.171611119781708E-21 5.0279744566065165 0.2741009418959138 5.0279744566065245 5.027974456606526 
1.1917544250620136 0.46723301199617506 4.54516424763715 1.1446007087844625 1.6800854319629588 4.784505276162258 2.20599864719505 3.2994640289968507 0.4594104621070869 4.593629733549957 1.4196713016241915 4.828370293871259 0.2802247821788916 1.5456031870491325 4.876757443027668 4.485514053787869 5.027980218928221 4.892130255140549 5.027979143705208 4.8647771409122935 4.965820532580946 1.2811083244207881 0.5574877576670942 0.22991371245951775 
1.1726993944465618 4.690440847268044 4.656557348889797 1.2455112413525675 1.0253928165214365 2.8763554065317947E-5 0.00902809158692747 3.2988668727514687 5.027974456606529 1.5149061224442197 1.464430137789109 5.027974456606584 0.26752787430307234 1.519444952058991 5.027974456606525 5.027980595934754 5.027980595934754 5.027980595934745 5.027980595934749 5.027980595934754 8.538772546119556E-21 5.0279798949729795 4.897198709027677 5.027980595934754 
3.5039145763686053 0.5474417199752152 4.544162680023062 4.523971821243162 0.310346213831461 2.3474758904788288E-7 2.8041622090451197 2.3062553741953904 4.889846916196149 4.725226965106772 5.027979337195102 5.027980102377473 5.027979493762074 4.907434308992336 5.0279802150521755 4.485514053787869 5.027980218928216 4.892130255140547 5.027979143705214 4.864777140912309 4.846340321367524 3.8444745799131404E-22 1.2806980860846677 5.027974456606526 
3.5039145763686053 0.5474417199752152 4.544162680023062 4.523971821243162 0.310346213831461 2.3474758904788288E-7 2.8041622090451197 2.3062553741953904 4.889846916196149 4.725226965106772 5.027979337195102 5.027980102377473 5.027979493762074 4.907434308992336 5.0279802150521755 4.485514053787869 5.027980218928201 4.892130255140544 5.027979143705212 4.864777140912285 4.845709372335356 1.313251905388414 0.02898388492080979 0.260225120155986 
1.2115340264502756 0.5642763525900729 4.54341283114972 4.5259815582544025 1.228857335091255E-4 4.783964328784282 1.2964966335532913 3.149783831101877 4.889645666353299 0.5448893247603822 4.527497196088035 4.469762175889544 4.801039509539705 4.8910704146383654 4.876780826466125 4.485514053787864 5.027980218928201 4.892130255140544 5.027979143705219 4.8647771409122935 4.543888745444081 1.5869602997190722 5.743114650198689E-21 5.027974456606526 
1.2115340264502756 0.5642763525900729 4.54341283114972 4.5259815582544025 1.228857335091255E-4 4.783964328784282 1.2964966335532913 3.149783831101877 4.889645666353299 0.5448893247603822 4.527497196088035 4.469762175889544 4.801039509539705 4.8910704146383654 4.876780826466125 4.485514053787864 5.027980218928201 4.892130255140544 5.027979143705199 4.864777140912282 4.543352089198768 2.758286373731147 3.4559561042966243 5.027974456606526 
0.30135953667151505 0.5008499844949013 4.544819441249194 4.516503785734787 5.02216796996951 1.4957489569950963E-4 1.1414498667459314 3.0477739542904803 4.889861053321957 4.5603701993557335 4.519226129084537 4.827652172036755 3.4311609833093466 0.7527182639010359 0.66213190045597 4.486157737248495 3.0942458180812653 4.892149000277484 0.7603423064085606 1.2713034078524776 4.543620722519675 5.027979985570232 4.494988598143945 3.2970317979736467E-21 
0.30135953667151505 0.5008499844949013 4.544819441249194 4.516503785734787 5.02216796996951 1.4957489569950963E-4 1.1414498667459314 3.0477739542904803 4.889861053321957 4.5603701993557335 4.519226129084537 4.827652172036755 3.4311609833093466 0.7527182639010359 0.66213190045597 4.486157737248495 3.0942458180812653 4.892149000277484 0.7603423064085606 1.2713034078524776 4.543620722519675 5.027979985570221 4.494988598143942 1.1357441767844065 
0.23208930458014881 7.235311856281842E-21 0.38604064776354974 1.3736084119329113 5.022080436198324 4.594381642877241 4.9688840338428735 5.024894030506667 4.889846916196149 4.725226965106768 5.027979337195106 5.027980102377476 5.027979493762077 4.907434308992336 5.027980215052159 4.485514053787869 5.027980218928201 4.892130255140544 5.027979143705212 4.864777140912282 4.543620722519675 5.027979985570233 4.494988598143949 4.663092973876333 

H ERROR
5.012840185656057 4.2381479722223774E-21 4.2381479722223774E-21 0.12560877999307496 4.168818938427097 0.433480773505557 4.043698240315485 4.168818938427097 4.168818938427097 4.168818938427097 4.168818938427097 4.168818938427097 4.104661932742106 5.012840185656103 4.168818938427097 4.168818938427097 0.7549555300038855 4.168818938427097 4.168818938427097 4.168818938427097 4.168818938427097 4.168818938427097 4.168818938427097 4.168818938427097 
4.168818938427097 0.008884132578698254 4.168818938427097 4.104661932742106 4.168818938427097 4.168818938427097 5.012840185656103 4.168818938427097 3.1152493626150055 0.08676007107997685 4.168818938427097 5.012840185656103 1.48127236573369 0.11831490887702274 4.168818938427097 4.168818938427097 0.7042634900691094 3.1152493626150055 4.168818938427097 5.012840185656103 4.168818938427097 4.168818938427097 2.6931837594006853 3.7673281985590834E-21 
0.7623702016702513 1.0723893272290563 0.7623702016702416 5.027974456606526 1.1294570065674083 0.7623702016702416 0.7623702016702416 0.7623702016702416 0.7623702016702416 0.7623702016702416 0.6033976427623635 2.693183759400692 0.7623702016702416 0.7623702016702416 3.785541919801572 0.7623702016702416 0.7623702016702416 0.7623702016702416 0.7623702016702416 0.7623702016702416 0.7623702016702416 0.7623702016702416 0.7623702016702416 9.457666219457474E-22 
2.0219125044519973E-5 0.6033976427623635 0.7623702016702416 3.7673092499599026E-21 2.307125205563138E-21 3.7673092499599026E-21 8.43291202900361E-21 2.115707348282062E-21 3.7673092499599026E-21 2.693183759400692 0.8888515422623711 5.4385719873097636E-21 3.7673092499599026E-21 3.7673092499599026E-21 7.995113676955331E-21 8.43291202900361E-21 3.7673092499599026E-21 2.307125205563138E-21 3.7673092499599026E-21 2.0219125044519973E-5 6.748702305047888E-15 2.189554287182277E-21 2.189520740931601E-21 3.759511402129123E-9 
2.744148612258915 5.027974456606526 5.027974456606526 2.744148612258954 2.744148612258954 2.744148612258954 2.744148612258954 2.744148612258954 5.027974456606526 5.027974456606526 2.744148612258954 2.744148612258954 3.6501293178378384 2.744148612258954 2.744148612258954 2.744148612258954 2.744148612258954 2.744148612258954 2.744148612258954 2.744148612258954 2.744148612258954 5.027974456606526 2.744148612258954 3.3300316693994015E-21 
2.1892225263421453E-21 2.744148612258954 5.027974456606526 2.1892225263421453E-21 2.811713185386639E-21 6.220105961773828E-21 2.1892225263421453E-21 7.00844497033873E-21 7.863721117708533E-21 5.044231594040767E-21 2.1892225263421453E-21 2.1892225263421453E-21 3.901902890488615E-21 2.811713185386639E-21 2.1892225263421453E-21 7.00844497033873E-21 2.1892225263421453E-21 2.744148612258954 5.027974456606526 1.6537701507596502E-21 1.6537701507596502E-21 2.1719099556265014E-21 1.6538716668667529E-21 0.8665240293009726 
5.027974456606526 4.904584914184847E-9 4.904584914184847E-9 3.099292477640977 3.099292477640977 3.099292477640977 4.188171773235842 5.027974456606526 3.099292477640977 3.099292477640977 5.027974456606526 3.099292477640977 3.099292477640977 3.099292477640977 3.099292477640977 3.099292477640977 3.099292477640977 3.099292477640977 3.099292477640977 0.7160372182252402 3.099292477640977 4.188171773235842 3.099292477640977 1.6538716668667529E-21 
5.027974456606526 3.099292477640977 1.568547261394332 1.1868548338483005 3.099292477640977 5.027974456606526 5.027974456606526 0.5017476024453515 3.099292477640977 3.099292477640977 0.4950073334789864 1.568547261394332 3.099292477640977 5.027974456606526 3.099292477640977 3.099292477640977 5.026818753055188 5.027974456606526 5.027974456606526 0.5195434646487445 5.027974456606526 5.027974456606526 5.027974456606526 6.3989234001877785E-21 
5.027974456606526 5.027974456606526 5.027974456606526 5.027974456606526 5.027974456606526 5.026818753055179 5.027974456606526 5.027974456606526 5.027974456606526 5.027974456606526 5.027974456606526 5.027974456606526 5.027974456606526 5.027974456606526 5.027974456606526 5.027974456606526 5.027974456606526 5.027974456606526 5.027974456606526 5.027974456606526 5.027974456606526 5.027974456606526 5.026818753055179 6.3989234001877785E-21 
5.027974456606526 5.027974456606526 5.027974456606526 5.026818753055179 0.6993799799771385 5.027974456606526 5.027974456606526 5.027974456606526 8.524858516656998E-21 5.027974456606526 5.027974456606526 5.026818753055179 5.027974456606526 5.027974456606526 5.027974456606526 4.208090531551877 4.2080905315518615 5.027974456606526 4.208090531551902 5.027974456606526 4.986914631270957 4.20809053155188 4.208090531551895 6.037159365330564E-22 
4.208090531551895 4.208090531551895 4.8361260974544376 5.027974456606526 4.208090531551895 4.208090531551895 0.30222075383558883 4.208090531551895 4.208090531551895 4.208090531551895 4.208090531551895 4.208090531551895 4.208090531551895 4.208090531551895 4.208090531551895 1.1910260559291945 4.208090531551895 4.8361260974544376 4.208090531551895 4.208090531551895 5.027974456606526 4.208090531551895 3.200358010648322 6.547875389234537E-22 
4.208090531551895 5.027974456606526 5.027974456606526 5.027974456606526 4.208090531551895 4.208090531551895 0.6876400015806924 3.200358010648322 4.208090531551895 5.027974456606526 4.208090531551895 4.208090531551895 5.027974456606526 4.960659865102519 4.960659865163825 5.027974456606526 4.960659865202124 1.2826272636455147 5.016669525296276 4.960659865243896 4.960659865041841 4.960659865041841 4.960659865041841 2.3059633535834917E-21 
4.98751753342358 2.8730928394424614E-21 2.3059633535834917E-21 4.960659865041841 0.15859655540379797 4.960659865041841 4.960659865041841 4.960659865041841 4.960659865041841 4.960659865041841 4.960659865041841 4.960659865041841 4.960659865041841 5.027974456606525 4.960659865041841 4.98751753342358 4.960659865041841 4.960659865041841 5.027974456606526 4.960659865041841 4.9089020042293905 5.027974456606526 4.960659865041841 2.8730928394424614E-21 
0.9965081353674579 1.4698749141568959E-21 2.3059633535834917E-21 4.960659865041841 0.07632905263778704 4.9089020042293905 4.960659865041841 5.027974456606526 4.960659865041841 4.960659865041841 5.027974456606526 5.021534678535665 5.021534678535665 0.12699175489538406 5.021534639209422 1.057648738933706 5.026522851740339 5.021534682667593 5.021534637606476 5.021534637606476 5.021534637606476 5.021534637606476 5.0244007857096715 5.027974456606526 
5.021534637606476 5.021534637606476 4.980735127260672 5.021534637606476 5.021534637606476 5.021534637606476 5.021534637606476 5.021534637606476 5.021534637606476 5.021534637606476 5.021534637606476 5.027974456606526 5.021534637606476 5.0244007857096715 5.021534637606476 5.021534637606476 5.027974456606526 5.021534637606476 5.014031328103984 5.027974456606525 5.021534637606476 5.027974456606526 5.027974456606526 1.4976375852274165E-22 
5.021534637606476 5.021534637606476 0.6595101015302988 5.014031328103984 5.021534637606476 5.027974456606526 5.021534637606476 5.021534637606476 5.027974456606526 1.0836234547631642 1.7999694927820116 5.027974456606526 5.027974456606526 5.027974456606526 2.042033824162941 4.927678682604966 4.840605530510189 4.84060553051018 4.840605530510181 4.840605530510182 1.8325997476936189 5.027974456606526 4.840605530510182 3.2638580283327858E-21 
5.68974832229613E-21 4.840605530510182 4.840605530510182 3.2638580283327858E-21 4.840605530510182 4.840605530510182 3.2638580283327858E-21 3.2638580283327858E-21 3.2638580283327858E-21 5.027974456606526 4.840605530510182 7.764252978467023E-21 3.2638580283327858E-21 3.2638580283327858E-21 7.510071403385736E-21 4.840605530510182 4.105165976747986 8.940879917586979E-21 3.2638580283327858E-21 7.510071403385736E-21 5.68974832229613E-21 6.35861953739688E-21 3.2638580283327858E-21 3.2638580283327858E-21 
5.0279744566064934 4.105165976747986 4.840605530510182 5.027974456606526 4.840605530510182 4.840605530510182 5.027974456606526 5.027974456606526 5.027974456606526 5.027974456606526 5.027974456606526 5.027974456606526 0.975154887046582 4.941215386122083 3.9928298955924357 3.992829895592437 3.9928298955912602 3.9928298955924357 1.3645982420090776 5.027974456606525 3.9928298955924357 3.9928298955924357 5.027974456606526 1.0839411013599405E-21 
3.9928298955924357 3.9928298955924357 3.9928298955924357 3.9928298955924357 3.9928298955924357 3.9928298955924357 3.9928298955924357 5.027974456606526 3.9928298955924357 1.3645982420090776 3.9928298955924357 3.9928298955924357 5.027974456606525 3.9928298955924357 2.718105625577241 4.208313122853865 3.9928298955924357 5.027974456606525 5.027974456606526 3.6998204181030045 3.9928298955924357 3.9928298955924357 5.027974456606526 3.041165654000729E-21 
3.9928298955924357 5.027974456606525 3.9928298955924357 3.9928298955924357 5.027974456606526 5.474198378266193E-21 5.027974456606526 5.027974456606526 0.5527023635911085 5.027974456606526 5.027974456606526 5.027974456606526 5.027974456606526 5.027974456606526 5.027974456606526 5.027974456606526 4.348246205115504 3.2072649585987048 5.027974456606526 5.027974456606526 5.027974456606526 5.027974456606526 5.027974456606526 8.80853121960866E-22 
5.027974456606526 5.027974456606526 5.027974456606526 5.027974456606526 5.027974456606526 5.027974456606526 5.027974456606526 4.348246205115504 5.027974456606526 5.027974456606526 3.2072649585987048 5.027974456606526 5.027974456606526 0.9093059000789361 5.027974456606526 3.2072649585987048 5.0279744566065245 0.7220988331443495 5.027974456606526 5.027974456606526 5.027974456606526 5.027974456606526 5.027974456606526 2.079798571704019E-21 
5.027974456606526 5.027974456606526 3.0169163819227976E-22 5.027974456606526 5.027974456606526 5.027974456606526 5.027974456606526 5.027974456606525 5.027974456606526 2.25774258848149 5.027974456606526 5.027974456606526 5.027974456606526 5.027974456606526 0.6816265399380398 5.027974456606526 5.027974456606526 5.027974456606526 5.027974456606478 5.027974456606526 5.027974456606526 5.027974456606526 5.027974456606526 2.780854711093393E-21 
5.027974456606526 5.027974456606526 5.027974456606526 5.014399644530287 5.027974456606526 0.6816265399380382 5.027974456606526 5.027974456606526 5.027974456606526 5.027974456606526 5.027974456606526 5.027974456606526 5.027974456606526 5.027974456606526 5.027974456606526 0.70373395028993 5.027974456606526 5.027974456606526 5.027974456606526 5.027974456606526 5.027974456606526 5.027974456606526 5.027974456606526 2.780854711093393E-21 
2.119716497807128 0.7153579267905606 3.647656022434111 5.027974456606524 0.942962908731971 0.41047862912185795 0.13350891716318247 1.5867180463843598 5.027974456606526 5.027974456606526 5.027974456606526 5.027974456606526 0.6947643318694612 5.027974456606526 5.027974456606526 5.027974456606526 5.027974456606526 5.027974456606526 5.027974456606526 5.027974456606526 5.027974456606526 5.027974456606526 5.027974456606526 3.3045887220889354E-21 
5.027974456606526 5.027974456606526 5.027974456606526 0.6947643318694625 5.027974456606526 5.027974456606526 5.027974456606526 5.027974456606526 5.027974456606526 2.131391911863637 5.027974456606526 5.027974456606526 5.027974456606526 5.027974456606526 5.027974456606526 5.027974456606526 5.027974456606526 5.027974456606526 5.027974456606526 5.027974456606526 5.027974456606526 5.027974456606526 5.027974456606526 7.715215163935777E-21 
6.638223164379346E-21 5.027974456606526 4.478360325674342 1.8799039590510592E-21 5.411071400103297E-21 4.1838073403934764E-22 8.530167633924183E-23 8.529391807712826E-23 8.531867641500886E-23 8.530629624766648E-23 9.526561015697792E-21 8.609091641091916E-22 8.530167633924183E-23 8.531611488119014E-23 5.689827712977216E-21 8.531611488119014E-23 8.531611488119014E-23 8.531611488119014E-23 8.531611488119014E-23 8.531611488119014E-23 8.531611488119014E-23 8.531611488119014E-23 8.531611488119014E-23 1.1704561523777976E-21 
4.904189451885416 0.47143106294486886 4.904189451885416 4.904189451885416 2.928188318347187 4.904189451885416 4.227748013242021 5.027974456606526 4.904189451885416 2.928188318347187 5.027974456606526 5.027974456606526 4.904189451885416 4.904189451885416 5.0279744566065245 4.227748013242021 4.904189451885416 2.928188318347187 4.904189451885416 4.904189451885416 5.027974456606526 3.5233683840623216 1.4413530183326664 5.689827712977216E-21 
2.883230931361243 3.343802373895711E-21 2.24026309117629E-16 5.027974456606526 5.027974456606526 5.027974456606526 5.027974456606526 5.027974456606526 5.027974456606526 5.027974456606526 5.027974456606526 5.027974456606526 5.027974456606526 5.027974456606526 5.027974456606526 5.027974456606526 5.027974456606526 5.027974456606526 5.027974456606526 5.027974456606526 5.027974456606526 1.116734232279748 5.027974456606526 3.1676805497259642E-21 
5.027974456606526 5.027974456606526 5.027974456606526 5.027974456606526 5.027974456606526 5.027974456606526 5.027974456606526 5.027974456606526 5.027974456606526 1.121845075962311 5.027974456606526 5.027974456606526 5.027974456606526 5.027974456606526 5.027974456606526 5.027974456606526 5.027974456606526 5.027974456606526 0.2307841797434102 3.4838898815815065 5.027974456606526 5.0279744566065245 5.027974456606526 8.13444460672273E-21 
4.196000999834772 5.027974456606526 1.429930213091739 5.027974456606526 4.3792621793786255 0.9210222263641681 5.027974456606525 2.9215994989484546 2.4602128572532904 2.4602128572524324 5.027974456606526 2.460212857252401 2.460212857252401 2.460212857252401 2.460212857252401 2.460212857252401 2.460212857252401 2.460212857252401 2.460212857252401 5.027974456606526 2.460212857252401 5.027974456606526 2.460212857252401 4.5810792726292754E-21 
3.2952024299501854 4.5810792726292754E-21 1.6363208942713441E-22 0.7232275364329387 2.460212857252401 3.2952024299501854 5.027974456606526 5.027974456606526 2.460212857252401 2.460212857252401 5.027974456606524 0.9851463997045717 2.460212857252401 3.2952024299501854 2.460212857252401 2.460212857252401 1.3496082354766252 0.8804122588838721 5.027974456606526 5.027974456606526 5.027974456606526 0.955919941611449 5.0149261445940025 1.0687451753753388 
1.1619331024091093 0.23318045485645056 5.027974456606526 0.6845661511495642 5.027974456606526 0.9788642740119872 5.027974456606526 5.027974456606526 5.027974456606526 5.027974456606526 5.027974456606526 5.027974456606526 5.027974456606526 5.027974456606526 5.027974456606526 5.027974456606526 5.027974456606526 0.8875009350611898 5.027974456606526 1.2860207144514917 5.027974456606526 5.027974456606526 5.027974456606526 3.2565088068318472E-21 
5.027974456606526 5.027974456606526 5.027974456606526 5.027974456606526 5.027974456606526 5.027974456606525 5.027974456606526 5.027974456606526 5.027974456606526 5.027974456606526 5.027974456606526 5.027974456606526 5.027974456606526 5.027974456606526 3.12746213906182 5.027974456606526 4.360961712891406 5.027974456606524 5.025622417718706 4.9892774722621445 4.936323849832414 5.027974456606526 5.027974456606526 0.09562804578098932 
2.8899477821825218E-21 0.8054105030019224 1.416802948339111 3.745123244638068E-22 3.8960821040113704E-21 3.898095423529267E-21 5.689855317053775E-21 3.898122659025975E-21 3.898095423529267E-21 3.898095423529267E-21 3.898095423529267E-21 3.898095423529267E-21 3.898095423529267E-21 3.898095423529267E-21 3.898095423529267E-21 3.3610740215813764E-22 3.898095423529267E-21 9.374897242880647E-21 3.898095423529267E-21 3.898095423529267E-21 2.374605785800777E-21 3.898095423529267E-21 9.846290169637664E-21 1.3902768049935321 
4.829270243640838 5.027974456606526 5.027974456606526 5.027974456606526 4.829270243640838 4.829270243640838 5.027974456606526 4.121143763953773 4.829270243640838 5.027974456606526 4.829270243640838 4.829270243640838 5.027974456606526 5.027974456606526 1.3644772966462464 5.027974456606526 4.213532606474122 5.027974456606526 4.948885356538851 5.027974456606526 1.0464413054927 0.3816680647435733 0.276938859569241 2.8353582564241692E-21 
5.027974456606526 1.0528635443125697E-21 3.0728080732776503E-22 5.027974456606526 5.027974456606526 5.027974456606526 5.027974456606526 5.027974456606526 5.027974456606526 5.027974456606526 5.027974456606526 5.027974456606526 5.027974456606526 5.027974456606526 5.027974456606526 0.29146994990151875 5.027974456606526 5.027974456606526 5.027974456606526 5.027974456606526 5.027974456606526 0.7570895144238616 5.027974456606526 5.027974456606526 
5.689827712977216E-21 2.35802121440442 5.027974456606526 5.027974456606526 5.027974456606526 5.027974456606526 5.027974456606526 5.027974456606526 5.027974456606526 5.027974456606526 2.764122409633055 4.330147131939852 5.027974456606526 5.027974456606526 5.027974456606526 3.650677381559662 5.012318880600612 5.027974456606526 1.349158464204397 1.7506252444812964E-21 8.697508297011228E-21 5.027974456606526 2.5803474649225393 7.283950035224465E-11 
2.8328957797583786E-21 4.4862756284078085 5.027974456606526 2.8436858273543493E-21 2.8437536416534145E-21 2.8436483444682003E-21 2.8436483444682003E-21 2.8436483444682003E-21 2.8436483444682003E-21 2.8436483444682003E-21 2.8436483444682003E-21 5.453669585354672E-21 2.8436483444682003E-21 1.0887403547106111E-21 2.8436483444682003E-21 2.8436483444682003E-21 2.570692618710269E-21 4.486275628402493 3.935225396721756 5.532473681378462E-21 2.8436483444682003E-21 2.570692618710269E-21 5.689855317053775E-21 8.057682302487207E-21 
4.486275628402493 4.486275628402493 5.027974456606526 3.935225396721756 4.486275628402493 5.027974456606525 4.486275628402493 4.486275628402493 0.9895726916836483 2.0566012811894963 5.027974456606526 5.027974456606526 5.027974456606525 1.091782081654507 4.974494831777032 4.9840117143833575 5.027974456606526 1.076631497185916 2.5756385105305335 5.027974456606526 5.027974456606526 5.027974456606526 5.027974456606526 1.909468014174694E-21 
5.027974456606526 5.027974456606526 4.422613255300558 3.1989879455750003 3.1989879455749066 3.1989879455749026 3.1989879455749026 3.1989879455749026 3.1989879455749026 1.3755181791538273 3.1989879455749026 5.027974456606526 3.1989879455749026 3.1989879455749026 0.6925298745893511 3.1989879455749026 1.6703809548317752 5.027974456606526 3.1989879455749026 0.6925298745893511 5.027974456606526 5.027974456606526 3.1989879455749026 2.0234934183745354E-21 
5.689855317053775E-21 1.6703809548317752 3.1989879455749026 1.8565521189588087E-21 2.0234934183745354E-21 2.0234934183745354E-21 3.3684209835181337E-21 5.027974456606525 2.017264923089867 5.689855317053775E-21 7.450038630959092E-21 3.425417572087515E-22 1.0330410405497468E-21 5.027974456606526 5.027974456606526 2.139442322351086E-21 4.129347588324564E-21 1.6007096427990667E-21 1.8185113442347425E-22 7.060284364061675E-22 1.716248079988747E-21 8.876119547641782E-21 5.689855317053775E-21 0.170564896786284 
0.5181858230463915 5.027974456606526 5.027974456606525 5.027974456606525 5.027974456606525 5.027974456606525 5.027974456606525 5.027974456606526 5.027974456606525 0.544494036159977 5.027974456606525 5.027974456606525 5.027974456606526 5.027974456606525 5.027974456606525 0.9972869719929761 5.027974456606525 5.027974456606526 5.027974456606523 2.6639477357328216 5.027974456606525 5.027974456606525 5.027974456606526 8.754844772709176E-13 
5.027974456606525 5.027974456606526 5.027974456606525 5.027974456606525 5.027974456606526 5.027974456606525 3.5544146372070435 5.027974456606526 4.9188710971796485 5.027974456606526 5.027974456606526 5.027974456606526 5.027974456606526 5.027974456606526 5.027974456606526 5.027974456606526 5.027974456606526 1.5072022124391857 5.027974456606526 0.19074915333419817 5.027974456606526 5.027974456606526 5.027974456606525 5.754000301697427E-21 
3.0137296182538877 5.753329093159288E-21 5.7533121882498826E-21 3.013729618253893 3.013729618253893 5.027974456606526 3.013729618253893 1.3485089052074246 3.013729618253893 3.013729618253893 5.027974456606526 3.013729618253893 1.4626560049322184 4.0494790864036965 3.013729618253893 5.027974456606526 5.027974456606526 3.8998594176130523 3.013729618253893 3.013729618253893 5.027974456606526 1.4626560049322184 3.013729618253893 5.027974456606526 
3.013729618253893 3.013729618253893 5.027974456606526 5.027974456606526 4.324236004265024 5.027974456606526 4.963105266682723 5.027974456606526 5.027974456606526 5.0277593318773945 3.4676433523992265 5.027974456606526 5.027974456606526 1.260563436748416 3.0746044504972754 2.406851171835326 5.027974456606526 0.7309681836310451 5.027974456606526 5.027974456606526 0.1446188119842876 5.027974456606526 5.027974456606526 9.725708427155268E-21 
3.6784742398021364 3.6784742398020094 3.67847423980201 5.027974456606526 3.67847423980201 5.027974456606526 3.67847423980201 3.67847423980201 5.027974456606526 3.67847423980201 2.2985684510778728 4.553717483181807 3.67847423980201 5.027974456606526 5.027974456606526 4.439605568329331 3.67847423980201 3.67847423980201 5.027974456606526 2.2985684510778728 3.67847423980201 5.027974456606526 3.67847423980201 1.424265006380778E-21 
