

W ERROR
1.5759649020498332 3.353137649821486 2.4378379197750397E-4 3.239336864450487 1.2695615737154785E-4 2.909002803299779 2.0087219899340654 5.021675588827633 1.1841348971187289 0.4741246913687082 0.27340656417535547 7.570629994163369E-21 4.381880926704305 2.745286834209709 4.75850887571285 1.0383799185145255 0.08628781498657101 4.523782813534565 5.027978026642737 4.548847944507907 0.27053261096254244 5.027974456720578 5.027978356827899 5.027979388283891 
4.77395559103797 0.6119890305536555 3.4241238352258905 4.5180244364223885 5.027349859508697 4.784786023324599 4.968904318104858 5.024893970637645 1.4964079369962093E-21 0.7411323068201271 6.03320287826064E-21 0.049480468337667616 1.008754783966584 3.258948964165206 4.624591075746732 4.61502440417587 1.0898270371608005 5.027978699985214 5.0279744566065245 4.819274579263949 4.362226230823215 5.0279782286219055 5.027979651669961 5.02798011020087 
4.773955591037968 0.6119890305536546 3.424123835225731 4.5180244364223885 5.027349859508705 4.784786023324595 4.96890431811007 5.0248939706376445 1.6227513877773818 3.774007159106216E-7 0.8338775229153181 2.6435866496906923 4.657316280482737 1.941398062288203 4.308364964538805E-8 5.027974456606526 5.027974456606526 4.828125942107956 0.044892068608949696 5.02797864248737 5.027974456606526 4.348722112745072 4.6325021439995355 4.81758205500541 
5.2273134338191355E-21 1.3597684965592727 4.351250681996618 4.838063741537501 2.6334047256381257 4.5287786136556055E-5 1.1590276054289097 7.337264049476085E-4 5.027977943134526 5.027974456606521 5.027974456606521 8.322820310507895E-21 0.3731564388471267 3.506029047229594 4.730860456925255 5.027980595934752 5.027980595934752 5.027980595934752 5.027980595934751 5.027980595934752 5.027980595934752 5.027980595934754 5.027980595934751 5.027980595934754 
1.1917544250620136 0.46723301199617506 4.545164247637144 1.1446007087844605 1.6800854319315643 4.784505276162258 2.2059960765990736 3.299464028996826 9.347894512499864E-21 3.3655859921047178 2.829343329017871 4.89744810397996 1.4337205957928494 0.22067248745792906 4.57395878137194 5.027977907113986 5.027977965090764 5.026730462156909 4.786306114808582 5.027980077015119 5.027978758920723 4.8240708640699195 4.921723943573381 4.971118991170579 
0.17597095032694016 3.5239256798669185 4.528681651595687 0.2560859148431687 1.3125999140186126 1.909427278846664 4.8276763822613126E-17 0.6250715935661206 2.33621663056584 2.5129487711474945 1.0613095482147203 0.22607816795180835 0.3158919862684558 2.602288276230655 0.7142584658747129 0.6531701048898553 0.6391858710735532 4.805871137815796 5.027977558854326 4.65625988923747 1.5573979804160052 5.027977891240887 5.027979086300247 5.027979821178547 
0.30103418416572725 1.1629813455460023 4.6737972709041955 4.839112882078874 3.7161320592884937 1.1864167076879326 0.9851593734834583 3.0479511986774024 4.355274471653163 1.1905289149646003 5.020317711258366 2.390284039461766 1.258474002415883 0.012004654999171173 0.052900333277011914 4.781478032184741 5.02121720065114 4.93993879156962 4.958932028324171 5.019980370332592 4.975134184989997 5.026235812954988 5.027980543774988 5.027980567433718 
1.1899041166858149 0.539927148687968 4.544244120274732 4.519280849052171 5.02211894286248 4.784707048353018 3.709235491087681 0.09614382520985798 4.931621641060571 4.861097918439142 1.3383301628308486 1.6302067675793777 3.2666376490589024 5.6158949240366636E-8 0.005463057372515924 5.027974456606501 0.015775341394837702 5.027974456606523 5.027974456607166 5.027980027876763 4.99797463994198 5.027977708717139 5.027980543880723 5.02784950301874 
1.1899041166858149 0.539927148687968 4.544244120274732 4.519280849052171 5.022118942862479 4.784707048353018 3.7092354910877807 0.09614382521108053 4.889858270397897 4.725216925860248 2.3473229855227116 3.0144619092565192 4.5889658974227405 0.30556305755569346 0.2764064983190851 1.1873926088560762 1.1829216008766945 3.521352009362 0.08229853738507052 1.4915605453493663 5.027978536509978 5.027974456606526 5.027974456606682 2.6778657051043044 
1.4132486913576534 0.8808530350120012 4.545924724557136 0.06415531552965269 4.5920357707069615 4.578864750011308 0.6091328751282012 5.024770808826224 4.889846916196147 4.72522696510677 5.027979337195105 5.027980102377483 5.027979493762077 4.907434308992327 5.027980215052175 4.814138004391881 1.439202934986404 6.752808013198619E-21 0.9498723535186553 4.538702801806946 0.16229184097113866 5.0279744566065245 5.027974456606526 5.027979166405266 
1.4132486913576534 0.8808530350120012 4.545924724557136 0.06415531552965269 4.5920357707069615 4.578864750011308 0.6091328751282012 5.024770808826224 4.88984691619614 4.725226965106772 5.0279793371951165 5.02798010237746 5.027979493762074 4.907434308992344 5.027980215052184 4.833389475644408 7.454992173750029E-21 0.19250612370919634 1.8003260885514524E-21 0.5840124093102174 3.2260166276499294 5.027974456606526 5.0279779983399155 5.027980571859484 
0.30135953667151505 0.5008499844949013 4.544819441249194 4.516503785734787 5.02216796996951 1.4957489569950963E-4 1.1414498667459314 3.0477739542904803 4.889861053321957 4.5603701993557335 4.519226129084525 4.827652172036756 3.4311609832765955 0.7527182639007984 0.6621319004559739 3.4556255649719216 0.9752908202416953 2.1452526833604743E-21 3.815716578634659E-21 5.0198123811915325 5.02797445660652 5.027974456606526 5.027980191378915 9.1668478890848E-11 
0.3011958742723439 1.1616638382416282 3.500295098253508 4.77936881762164 5.024800719010107 1.1829785688815897 0.9804642203869658 3.0478625780984574 1.6644926690977342 0.0013832848959109108 4.517833046007347 3.348447425152217 0.6579712577637489 0.3380446954771927 1.051162461287478 4.586247615359213 0.059283623081581534 7.738365957445141E-16 0.047196329731002636 3.97847407526738 5.027974456606526 5.027974456606526 5.027974457133267 4.5113832035058925 
1.1834216104953714 3.4028982866162507 0.524370808317103 3.5025166301564146 3.3281178491965373 4.843168441756429 3.2611735913809374 5.023328465590845 4.975262852698076 0.46233251171280976 4.5468642545632525 3.9728270736152553 4.561091979270117 0.30185698036187303 0.16901306189882143 0.04803514605092788 0.3269976433127265 0.6395825813061033 2.5227742511375473 6.318009867239558E-21 5.0279744566065325 5.027980210335441 1.2447772347816972 4.470529902026137 
1.1899041166858149 0.539927148687968 4.544244120274732 4.519280849052171 5.022118942862479 4.784707048353018 3.7092354910877763 0.09614382521108053 4.889858270397902 4.725216925860248 2.3473229855504534 3.0144619085008597 4.588965897422751 0.305563057555674 0.2764064983196458 0.45186683550698453 4.878197589039249 4.891831415822064 3.223685736263984 7.171611119781708E-21 5.0279744566065165 0.2741009418959138 5.0279744566065245 5.027974456606526 
1.1917544250620136 0.46723301199617506 4.54516424763715 1.1446007087844625 1.6800854319629588 4.784505276162258 2.20599864719505 3.2994640289968507 0.4594104621070869 4.593629733549957 1.4196713016241915 4.828370293871259 0.2802247821788916 1.5456031870491325 4.876757443027668 4.485514053787869 5.027980218928221 4.892130255140549 5.027979143705208 4.8647771409122935 4.965820532580946 1.2811083244207881 0.5574877576670942 0.22991371245951775 
1.1726993944465618 4.690440847268044 4.656557348889797 1.2455112413525675 1.0253928165214365 2.8763554065317947E-5 0.00902809158692747 3.2988668727514687 5.027974456606529 1.5149061224442197 1.464430137789109 5.027974456606584 0.26752787430307234 1.519444952058991 5.027974456606525 5.027980595934754 5.027980595934754 5.027980595934745 5.027980595934749 5.027980595934754 8.538772546119556E-21 5.0279798949729795 4.897198709027677 5.027980595934754 
3.5039145763686053 0.5474417199752152 4.544162680023062 4.523971821243162 0.310346213831461 2.3474758904788288E-7 2.8041622090451197 2.3062553741953904 4.889846916196149 4.725226965106772 5.027979337195102 5.027980102377473 5.027979493762074 4.907434308992336 5.0279802150521755 4.485514053787869 5.027980218928216 4.892130255140547 5.027979143705214 4.864777140912309 4.846340321367524 3.8444745799131404E-22 1.2806980860846677 5.027974456606526 
3.5039145763686053 0.5474417199752152 4.544162680023062 4.523971821243162 0.310346213831461 2.3474758904788288E-7 2.8041622090451197 2.3062553741953904 4.889846916196149 4.725226965106772 5.027979337195102 5.027980102377473 5.027979493762074 4.907434308992336 5.0279802150521755 4.485514053787869 5.027980218928201 4.892130255140544 5.027979143705212 4.864777140912285 4.845709372335356 1.313251905388414 0.02898388492080979 0.260225120155986 
1.2115340264502756 0.5642763525900729 4.54341283114972 4.5259815582544025 1.228857335091255E-4 4.783964328784282 1.2964966335532913 3.149783831101877 4.889645666353299 0.5448893247603822 4.527497196088035 4.469762175889544 4.801039509539705 4.8910704146383654 4.876780826466125 4.485514053787864 5.027980218928201 4.892130255140544 5.027979143705219 4.8647771409122935 4.543888745444081 1.5869602997190722 5.743114650198689E-21 5.027974456606526 
1.2115340264502756 0.5642763525900729 4.54341283114972 4.5259815582544025 1.228857335091255E-4 4.783964328784282 1.2964966335532913 3.149783831101877 4.889645666353299 0.5448893247603822 4.527497196088035 4.469762175889544 4.801039509539705 4.8910704146383654 4.876780826466125 4.485514053787864 5.027980218928201 4.892130255140544 5.027979143705199 4.864777140912282 4.543352089198768 2.758286373731147 3.4559561042966243 5.027974456606526 
0.30135953667151505 0.5008499844949013 4.544819441249194 4.516503785734787 5.02216796996951 1.4957489569950963E-4 1.1414498667459314 3.0477739542904803 4.889861053321957 4.5603701993557335 4.519226129084537 4.827652172036755 3.4311609833093466 0.7527182639010359 0.66213190045597 4.486157737248495 3.0942458180812653 4.892149000277484 0.7603423064085606 1.2713034078524776 4.543620722519675 5.027979985570232 4.494988598143945 3.2970317979736467E-21 
0.30135953667151505 0.5008499844949013 4.544819441249194 4.516503785734787 5.02216796996951 1.4957489569950963E-4 1.1414498667459314 3.0477739542904803 4.889861053321957 4.5603701993557335 4.519226129084537 4.827652172036755 3.4311609833093466 0.7527182639010359 0.66213190045597 4.486157737248495 3.0942458180812653 4.892149000277484 0.7603423064085606 1.2713034078524776 4.543620722519675 5.027979985570221 4.494988598143942 1.1357441767844065 
0.23208930458014881 7.235311856281842E-21 0.38604064776354974 1.3736084119329113 5.022080436198324 4.594381642877241 4.9688840338428735 5.024894030506667 4.889846916196149 4.725226965106768 5.027979337195106 5.027980102377476 5.027979493762077 4.907434308992336 5.027980215052159 4.485514053787869 5.027980218928201 4.892130255140544 5.027979143705212 4.864777140912282 4.543620722519675 5.027979985570233 4.494988598143949 4.663092973876333 

H ERROR
5.012840185656057 4.2381479722223774E-21 4.2381479722223774E-21 0.12560877999307496 4.168818938427097 0.433480773505557 4.043698240315485 4.168818938427097 4.168818938427097 4.168818938427097 4.168818938427097 4.168818938427097 4.104661932742106 5.012840185656103 4.168818938427097 4.168818938427097 0.7549555300038855 4.168818938427097 4.168818938427097 4.168818938427097 4.168818938427097 4.168818938427097 4.168818938427097 4.168818938427097 
4.168818938427097 0.008884132578698254 4.168818938427097 4.104661932742106 4.168818938427097 4.168818938427097 5.012840185656103 4.168818938427097 3.1152493626150055 0.08676007107997685 4.168818938427097 5.012840185656103 1.48127236573369 0.11831490887702274 4.168818938427097 4.168818938427097 0.7042634900691094 3.1152493626150055 4.168818938427097 5.012840185656103 4.168818938427097 4.168818938427097 2.6931837594006853 3.7673281985590834E-21 
0.7623702016702513 1.0723893272290563 0.7623702016702416 5.027974456606526 1.1294570065674083 0.7623702016702416 0.7623702016702416 0.7623702016702416 0.7623702016702416 0.7623702016702416 0.6033976427623635 2.693183759400692 0.7623702016702416 0.7623702016702416 3.785541919801572 0.7623702016702416 0.7623702016702416 0.7623702016702416 0.7623702016702416 0.7623702016702416 0.7623702016702416 0.7623702016702416 0.7623702016702416 9.457666219457474E-22 
2.0219125044519973E-5 0.6033976427623635 0.7623702016702416 3.7673092499599026E-21 2.307125205563138E-21 3.7673092499599026E-21 8.43291202900361E-21 2.115707348282062E-21 3.7673092499599026E-21 2.693183759400692 0.8888515422623711 5.4385719873097636E-21 3.7673092499599026E-21 3.7673092499599026E-21 7.995113676955331E-21 8.43291202900361E-21 3.7673092499599026E-21 2.307125205563138E-21 3.7673092499599026E-21 2.0219125044519973E-5 6.748702305047888E-15 2.189554287182277E-21 2.189520740931601E-21 3.759511402129123E-9 
2.744148612258915 5.027974456606526 5.027974456606526 2.744148612258954 2.744148612258954 2.744148612258954 2.744148612258954 2.744148612258954 5.027974456606526 5.027974456606526 2.744148612258954 2.744148612258954 3.6501293178378384 2.744148612258954 2.744148612258954 2.744148612258954 2.744148612258954 2.744148612258954 2.744148612258954 2.744148612258954 2.744148612258954 5.027974456606526 2.744148612258954 3.3300316693994015E-21 
2.1892225263421453E-21 2.744148612258954 5.027974456606526 2.1892225263421453E-21 2.811713185386639E-21 6.220105961773828E-21 2.1892225263421453E-21 7.00844497033873E-21 7.863721117708533E-21 5.044231594040767E-21 2.1892225263421453E-21 2.1892225263421453E-21 3.901902890488615E-21 2.811713185386639E-21 2.1892225263421453E-21 7.00844497033873E-21 2.1892225263421453E-21 2.744148612258954 5.027974456606526 1.6537701507596502E-21 1.6537701507596502E-21 2.1719099556265014E-21 1.6538716668667529E-21 0.8665240293009726 
5.027974456606526 4.904584914184847E-9 4.904584914184847E-9 3.099292477640977 3.099292477640977 3.099292477640977 4.188171773235842 5.027974456606526 3.099292477640977 3.099292477640977 5.027974456606526 3.099292477640977 3.099292477640977 3.099292477640977 3.099292477640977 3.099292477640977 3.099292477640977 3.099292477640977 3.099292477640977 0.7160372182252402 3.099292477640977 4.188171773235842 3.099292477640977 1.6538716668667529E-21 
5.027974456606526 3.099292477640977 1.568547261394332 1.1868548338483005 3.099292477640977 5.027974456606526 5.027974456606526 0.5017476024453515 3.099292477640977 3.099292477640977 0.4950073334789864 1.568547261394332 3.099292477640977 5.027974456606526 3.099292477640977 3.099292477640977 5.026818753055188 5.027974456606526 5.027974456606526 0.5195434646487445 5.027974456606526 5.027974456606526 5.027974456606526 6.3989234001877785E-21 
5.027974456606526 5.027974456606526 5.027974456606526 5.027974456606526 5.027974456606526 5.026818753055179 5.027974456606526 5.027974456606526 5.027974456606526 5.027974456606526 5.027974456606526 5.027974456606526 5.027974456606526 5.027974456606526 5.027974456606526 5.027974456606526 5.027974456606526 5.027974456606526 5.027974456606526 5.027974456606526 5.027974456606526 5.027974456606526 5.026818753055179 6.3989234001877785E-21 
5.027974456606526 5.027974456606526 5.027974456606526 5.026818753055179 0.6993799799771385 5.027974456606526 5.027974456606526 5.027974456606526 8.524858516656998E-21 5.027974456606526 5.027974456606526 5.026818753055179 5.027974456606526 5.027974456606526 5.027974456606526 4.208090531551877 4.2080905315518615 5.027974456606526 4.208090531551902 5.027974456606526 4.986914631270957 4.20809053155188 4.208090531551895 6.037159365330564E-22 
4.208090531551895 4.208090531551895 4.8361260974544376 5.027974456606526 4.208090531551895 4.208090531551895 0.30222075383558883 4.208090531551895 4.208090531551895 4.208090531551895 4.208090531551895 4.208090531551895 4.208090531551895 4.208090531551895 4.208090531551895 1.1910260559291945 4.208090531551895 4.8361260974544376 4.208090531551895 4.208090531551895 5.027974456606526 4.208090531551895 3.200358010648322 6.547875389234537E-22 
4.208090531551895 5.027974456606526 5.027974456606526 5.027974456606526 4.208090531551895 4.208090531551895 0.6876400015806924 3.200358010648322 4.208090531551895 5.027974456606526 4.208090531551895 4.208090531551895 5.027974456606526 4.960659865102519 4.960659865163825 5.027974456606526 4.960659865202124 1.2826272636455147 5.016669525296276 4.960659865243896 4.960659865041841 4.960659865041841 4.960659865041841 2.3059633535834917E-21 
4.98751753342358 2.8730928394424614E-21 2.3059633535834917E-21 4.960659865041841 0.15859655540379797 4.960659865041841 4.960659865041841 4.960659865041841 4.960659865041841 4.960659865041841 4.960659865041841 4.960659865041841 4.960659865041841 5.027974456606525 4.960659865041841 4.98751753342358 4.960659865041841 4.960659865041841 5.027974456606526 4.960659865041841 4.9089020042293905 5.027974456606526 4.960659865041841 2.8730928394424614E-21 
0.9965081353674579 1.4698749141568959E-21 2.3059633535834917E-21 4.960659865041841 0.07632905263778704 4.9089020042293905 4.960659865041841 5.027974456606526 4.960659865041841 4.960659865041841 5.027974456606526 5.021534678535665 5.021534678535665 0.12699175489538406 5.021534639209422 1.057648738933706 5.026522851740339 5.021534682667593 5.021534637606476 5.021534637606476 5.021534637606476 5.021534637606476 5.0244007857096715 5.027974456606526 
5.021534637606476 5.021534637606476 4.980735127260672 5.021534637606476 5.021534637606476 5.021534637606476 5.021534637606476 5.021534637606476 5.021534637606476 5.021534637606476 5.021534637606476 5.027974456606526 5.021534637606476 5.0244007857096715 5.021534637606476 5.021534637606476 5.027974456606526 5.021534637606476 5.014031328103984 5.027974456606525 5.021534637606476 5.027974456606526 5.027974456606526 1.4976375852274165E-22 
5.021534637606476 5.021534637606476 0.6595101015302988 5.014031328103984 5.021534637606476 5.027974456606526 5.021534637606476 5.021534637606476 5.027974456606526 1.0836234547631642 1.7999694927820116 5.027974456606526 5.027974456606526 5.027974456606526 2.042033824162941 4.927678682604966 4.840605530510189 4.84060553051018 4.840605530510181 4.840605530510182 1.8325997476936189 5.027974456606526 4.840605530510182 3.2638580283327858E-21 
5.68974832229613E-21 4.840605530510182 4.840605530510182 3.2638580283327858E-21 4.840605530510182 4.840605530510182 3.2638580283327858E-21 3.2638580283327858E-21 3.2638580283327858E-21 5.027974456606526 4.840605530510182 7.764252978467023E-21 3.2638580283327858E-21 3.2638580283327858E-21 7.510071403385736E-21 4.840605530510182 4.105165976747986 8.940879917586979E-21 3.2638580283327858E-21 7.510071403385736E-21 5.68974832229613E-21 6.35861953739688E-21 3.2638580283327858E-21 3.2638580283327858E-21 
5.0279744566064934 4.105165976747986 4.840605530510182 5.027974456606526 4.840605530510182 4.840605530510182 5.027974456606526 5.027974456606526 5.027974456606526 5.027974456606526 5.027974456606526 5.027974456606526 0.975154887046582 4.941215386122083 3.9928298955924357 3.992829895592437 3.9928298955912602 3.9928298955924357 1.3645982420090776 5.027974456606525 3.9928298955924357 3.9928298955924357 5.027974456606526 1.0839411013599405E-21 
3.9928298955924357 3.9928298955924357 3.9928298955924357 3.9928298955924357 3.9928298955924357 3.9928298955924357 3.9928298955924357 5.027974456606526 3.9928298955924357 1.3645982420090776 3.9928298955924357 3.9928298955924357 5.027974456606525 3.9928298955924357 2.718105625577241 4.208313122853865 3.9928298955924357 5.027974456606525 5.027974456606526 3.6998204181030045 3.9928298955924357 3.9928298955924357 5.027974456606526 3.041165654000729E-21 
3.9928298955924357 5.027974456606525 3.9928298955924357 3.9928298955924357 5.027974456606526 5.474198378266193E-21 5.027974456606526 5.027974456606526 0.5527023635911085 5.027974456606526 5.027974456606526 5.027974456606526 5.027974456606526 5.027974456606526 5.027974456606526 5.027974456606526 4.348246205115504 3.2072649585987048 5.027974456606526 5.027974456606526 5.027974456606526 5.027974456606526 5.027974456606526 8.80853121960866E-22 
5.027974456606526 5.027974456606526 5.027974456606526 5.027974456606526 5.027974456606526 5.027974456606526 5.027974456606526 4.348246205115504 5.027974456606526 5.027974456606526 3.2072649585987048 5.027974456606526 5.027974456606526 0.9093059000789361 5.027974456606526 3.2072649585987048 5.0279744566065245 0.7220988331443495 5.027974456606526 5.027974456606526 5.027974456606526 5.027974456606526 5.027974456606526 2.079798571704019E-21 
5.027974456606526 5.027974456606526 3.0169163819227976E-22 5.027974456606526 5.027974456606526 5.027974456606526 5.027974456606526 5.027974456606525 5.027974456606526 2.25774258848149 5.027974456606526 5.027974456606526 5.027974456606526 5.027974456606526 0.6816265399380398 5.027974456606526 5.027974456606526 5.027974456606526 5.027974456606478 5.027974456606526 5.027974456606526 5.027974456606526 5.027974456606526 2.780854711093393E-21 
5.027974456606526 5.027974456606526 5.027974456606526 5.014399644530287 5.027974456606526 0.6816265399380382 5.027974456606526 5.027974456606526 5.027974456606526 5.027974456606526 5.027974456606526 5.027974456606526 5.027974456606526 5.027974456606526 5.027974456606526 0.70373395028993 5.027974456606526 5.027974456606526 5.027974456606526 5.027974456606526 5.027974456606526 5.027974456606526 5.027974456606526 2.780854711093393E-21 
2.119716497807128 0.7153579267905606 3.647656022434111 5.027974456606524 0.942962908731971 0.41047862912185795 0.13350891716318247 1.5867180463843598 5.027974456606526 5.027974456606526 5.027974456606526 5.027974456606526 0.6947643318694612 5.027974456606526 5.027974456606526 5.027974456606526 5.027974456606526 5.027974456606526 5.027974456606526 5.027974456606526 5.027974456606526 5.027974456606526 5.027974456606526 3.3045887220889354E-21 
5.027974456606526 5.027974456606526 5.027974456606526 0.6947643318694625 5.027974456606526 5.027974456606526 5.027974456606526 5.027974456606526 5.027974456606526 2.131391911863637 5.027974456606526 5.027974456606526 5.027974456606526 5.027974456606526 5.027974456606526 5.027974456606526 5.027974456606526 5.027974456606526 5.027974456606526 5.027974456606526 5.027974456606526 5.027974456606526 5.027974456606526 7.715215163935777E-21 
6.638223164379346E-21 5.027974456606526 4.478360325674342 1.8799039590510592E-21 5.411071400103297E-21 4.1838073403934764E-22 8.530167633924183E-23 8.529391807712826E-23 8.531867641500886E-23 8.530629624766648E-23 9.526561015697792E-21 8.609091641091916E-22 8.530167633924183E-23 8.531611488119014E-23 5.689827712977216E-21 8.531611488119014E-23 8.531611488119014E-23 8.531611488119014E-23 8.531611488119014E-23 8.531611488119014E-23 8.531611488119014E-23 8.531611488119014E-23 8.531611488119014E-23 1.1704561523777976E-21 
4.904189451885416 0.47143106294486886 4.904189451885416 4.904189451885416 2.928188318347187 4.904189451885416 4.227748013242021 5.027974456606526 4.904189451885416 2.928188318347187 5.027974456606526 5.027974456606526 4.904189451885416 4.904189451885416 5.0279744566065245 4.227748013242021 4.904189451885416 2.928188318347187 4.904189451885416 4.904189451885416 5.027974456606526 3.5233683840623216 1.4413530183326664 5.689827712977216E-21 
2.883230931361243 3.343802373895711E-21 2.24026309117629E-16 5.027974456606526 5.027974456606526 5.027974456606526 5.027974456606526 5.027974456606526 5.027974456606526 5.027974456606526 5.027974456606526 5.027974456606526 5.027974456606526 5.027974456606526 5.027974456606526 5.027974456606526 5.027974456606526 5.027974456606526 5.027974456606526 5.027974456606526 5.027974456606526 1.116734232279748 5.027974456606526 3.1676805497259642E-21 
5.027974456606526 5.027974456606526 5.027974456606526 5.027974456606526 5.027974456606526 5.027974456606526 5.027974456606526 5.027974456606526 5.027974456606526 1.121845075962311 5.027974456606526 5.027974456606526 5.027974456606526 5.027974456606526 5.027974456606526 5.027974456606526 5.027974456606526 5.027974456606526 0.2307841797434102 3.4838898815815065 5.027974456606526 5.0279744566065245 5.027974456606526 8.13444460672273E-21 
4.196000999834772 5.027974456606526 1.429930213091739 5.027974456606526 4.3792621793786255 0.9210222263641681 5.027974456606525 2.9215994989484546 2.4602128572532904 2.4602128572524324 5.027974456606526 2.460212857252401 2.460212857252401 2.460212857252401 2.460212857252401 2.460212857252401 2.460212857252401 2.460212857252401 2.460212857252401 5.027974456606526 2.460212857252401 5.027974456606526 2.460212857252401 4.5810792726292754E-21 
3.2952024299501854 4.5810792726292754E-21 1.6363208942713441E-22 0.7232275364329387 2.460212857252401 3.2952024299501854 5.027974456606526 5.027974456606526 2.460212857252401 2.460212857252401 5.027974456606524 0.9851463997045717 2.460212857252401 3.2952024299501854 2.460212857252401 2.460212857252401 1.3496082354766252 0.8804122588838721 5.027974456606526 5.027974456606526 5.027974456606526 0.955919941611449 5.0149261445940025 1.0687451753753388 
1.1619331024091093 0.23318045485645056 5.027974456606526 0.6845661511495642 5.027974456606526 0.9788642740119872 5.027974456606526 5.027974456606526 5.027974456606526 5.027974456606526 5.027974456606526 5.027974456606526 5.027974456606526 5.027974456606526 5.027974456606526 5.027974456606526 5.027974456606526 0.8875009350611898 5.027974456606526 1.2860207144514917 5.027974456606526 5.027974456606526 5.027974456606526 3.2565088068318472E-21 
5.027974456606526 5.027974456606526 5.027974456606526 5.027974456606526 5.027974456606526 5.027974456606525 5.027974456606526 5.027974456606526 5.027974456606526 5.027974456606526 5.027974456606526 5.027974456606526 5.027974456606526 5.027974456606526 3.12746213906182 5.027974456606526 4.360961712891406 5.027974456606524 5.025622417718706 4.9892774722621445 4.936323849832414 5.027974456606526 5.027974456606526 0.09562804578098932 
2.8899477821825218E-21 0.8054105030019224 1.416802948339111 3.745123244638068E-22 3.8960821040113704E-21 3.898095423529267E-21 5.689855317053775E-21 3.898122659025975E-21 3.898095423529267E-21 3.898095423529267E-21 3.898095423529267E-21 3.898095423529267E-21 3.898095423529267E-21 3.898095423529267E-21 3.898095423529267E-21 3.3610740215813764E-22 3.898095423529267E-21 9.374897242880647E-21 3.898095423529267E-21 3.898095423529267E-21 2.374605785800777E-21 3.898095423529267E-21 9.846290169637664E-21 1.3902768049935321 
4.829270243640838 5.027974456606526 5.027974456606526 5.027974456606526 4.829270243640838 4.829270243640838 5.027974456606526 4.121143763953773 4.829270243640838 5.027974456606526 4.829270243640838 4.829270243640838 5.027974456606526 5.027974456606526 1.3644772966462464 5.027974456606526 4.213532606474122 5.027974456606526 4.948885356538851 5.027974456606526 1.0464413054927 0.3816680647435733 0.276938859569241 2.8353582564241692E-21 
5.027974456606526 1.0528635443125697E-21 3.0728080732776503E-22 5.027974456606526 5.027974456606526 5.027974456606526 5.027974456606526 5.027974456606526 5.027974456606526 5.027974456606526 5.027974456606526 5.027974456606526 5.027974456606526 5.027974456606526 5.027974456606526 0.29146994990151875 5.027974456606526 5.027974456606526 5.027974456606526 5.027974456606526 5.027974456606526 0.7570895144238616 5.027974456606526 5.027974456606526 
5.689827712977216E-21 2.35802121440442 5.027974456606526 5.027974456606526 5.027974456606526 5.027974456606526 5.027974456606526 5.027974456606526 5.027974456606526 5.027974456606526 2.764122409633055 4.330147131939852 5.027974456606526 5.027974456606526 5.027974456606526 3.650677381559662 5.012318880600612 5.027974456606526 1.349158464204397 1.7506252444812964E-21 8.697508297011228E-21 5.027974456606526 2.5803474649225393 7.283950035224465E-11 
2.8328957797583786E-21 4.4862756284078085 5.027974456606526 2.8436858273543493E-21 2.8437536416534145E-21 2.8436483444682003E-21 2.8436483444682003E-21 2.8436483444682003E-21 2.8436483444682003E-21 2.8436483444682003E-21 2.8436483444682003E-21 5.453669585354672E-21 2.8436483444682003E-21 1.0887403547106111E-21 2.8436483444682003E-21 2.8436483444682003E-21 2.570692618710269E-21 4.486275628402493 3.935225396721756 5.532473681378462E-21 2.8436483444682003E-21 2.570692618710269E-21 5.689855317053775E-21 8.057682302487207E-21 
4.486275628402493 4.486275628402493 5.027974456606526 3.935225396721756 4.486275628402493 5.027974456606525 4.486275628402493 4.486275628402493 0.9895726916836483 2.0566012811894963 5.027974456606526 5.027974456606526 5.027974456606525 1.091782081654507 4.974494831777032 4.9840117143833575 5.027974456606526 1.076631497185916 2.5756385105305335 5.027974456606526 5.027974456606526 5.027974456606526 5.027974456606526 1.909468014174694E-21 
5.027974456606526 5.027974456606526 4.422613255300558 3.1989879455750003 3.1989879455749066 3.1989879455749026 3.1989879455749026 3.1989879455749026 3.1989879455749026 1.3755181791538273 3.1989879455749026 5.027974456606526 3.1989879455749026 3.1989879455749026 0.6925298745893511 3.1989879455749026 1.6703809548317752 5.027974456606526 3.1989879455749026 0.6925298745893511 5.027974456606526 5.027974456606526 3.1989879455749026 2.0234934183745354E-21 
5.689855317053775E-21 1.6703809548317752 3.1989879455749026 1.8565521189588087E-21 2.0234934183745354E-21 2.0234934183745354E-21 3.3684209835181337E-21 5.027974456606525 2.017264923089867 5.689855317053775E-21 7.450038630959092E-21 3.425417572087515E-22 1.0330410405497468E-21 5.027974456606526 5.027974456606526 2.139442322351086E-21 4.129347588324564E-21 1.6007096427990667E-21 1.8185113442347425E-22 7.060284364061675E-22 1.716248079988747E-21 8.876119547641782E-21 5.689855317053775E-21 0.170564896786284 
0.5181858230463915 5.027974456606526 5.027974456606525 5.027974456606525 5.027974456606525 5.027974456606525 5.027974456606525 5.027974456606526 5.027974456606525 0.544494036159977 5.027974456606525 5.027974456606525 5.027974456606526 5.027974456606525 5.027974456606525 0.9972869719929761 5.027974456606525 5.027974456606526 5.027974456606523 2.6639477357328216 5.027974456606525 5.027974456606525 5.027974456606526 8.754844772709176E-13 
5.027974456606525 5.027974456606526 5.027974456606525 5.027974456606525 5.027974456606526 5.027974456606525 3.5544146372070435 5.027974456606526 4.9188710971796485 5.027974456606526 5.027974456606526 5.027974456606526 5.027974456606526 5.027974456606526 5.027974456606526 5.027974456606526 5.027974456606526 1.5072022124391857 5.027974456606526 0.19074915333419817 5.027974456606526 5.027974456606526 5.027974456606525 5.754000301697427E-21 
3.0137296182538877 5.753329093159288E-21 5.7533121882498826E-21 3.013729618253893 3.013729618253893 5.027974456606526 3.013729618253893 1.3485089052074246 3.013729618253893 3.013729618253893 5.027974456606526 3.013729618253893 1.4626560049322184 4.0494790864036965 3.013729618253893 5.027974456606526 5.027974456606526 3.8998594176130523 3.013729618253893 3.013729618253893 5.027974456606526 1.4626560049322184 3.013729618253893 5.027974456606526 
3.013729618253893 3.013729618253893 5.027974456606526 5.027974456606526 4.324236004265024 5.027974456606526 4.963105266682723 5.027974456606526 5.027974456606526 5.0277593318773945 3.4676433523992265 5.027974456606526 5.027974456606526 1.260563436748416 3.0746044504972754 2.406851171835326 5.027974456606526 0.7309681836310451 5.027974456606526 5.027974456606526 0.1446188119842876 5.027974456606526 5.027974456606526 9.725708427155268E-21 
3.6784742398021364 3.6784742398020094 3.67847423980201 5.027974456606526 3.67847423980201 5.027974456606526 3.67847423980201 3.67847423980201 5.027974456606526 3.67847423980201 2.2985684510778728 4.553717483181807 3.67847423980201 5.027974456606526 5.027974456606526 4.439605568329331 3.67847423980201 3.67847423980201 5.027974456606526 2.2985684510778728 3.67847423980201 5.027974456606526 3.67847423980201 1.424265006380778E-21 
