

W ERROR
4.994242842813206 5.005932588163921 4.970882633137391 5.027974456606526 5.027974456606526 0.8459926440382698 4.852811632882698 5.027974456606526 5.027974456606526 5.027974456606526 4.459903213878598 4.996593405101289 5.027974456606526 5.027974456606526 4.056421465199176 4.989371004976314 4.483723226796545 5.027974456606526 5.027974456606526 4.167827147471674 4.970426719036976 5.023780803221278 4.810736934595885 5.027974456606526 4.719661023155789 5.027974456606526 5.027974456606526 5.027974456606526 4.415998910196104 5.027974456606526 5.027974456606526 4.518968016945448 4.767021544144554 1.1069598961052458 5.027974456606526 
1.1258661367398586 4.448896991893461 2.3687044282463976 5.007672466965117 1.4522971348733318 4.990204262193357 4.884869698552493 5.002543621308055 4.360447045542219 5.027974456606528 4.903793261957563 1.1276481853613044E-21 1.2334098486893097 5.027974456606526 4.72364793964448 5.027974456606525 1.542108978828535 1.5609507433925756 5.791203091996768E-21 4.9706637620498295 5.027974456606526 5.027974456606526 5.027974456606526 5.027974456606526 5.027974456606526 5.027974456606525 1.3167988863383138 5.027974456606526 5.003832181308617 1.1767230675732083 5.027974456606526 5.027974456606526 1.2074866627818301 4.690344422328246 4.446870501531805 
1.5374109211084903 4.695308184415675 4.598263236165439 5.007721774059432 4.077111939768975 1.336256723338646 5.0153265794895505 1.0774122241474835E-21 1.2222642930709036 5.027974456606528 0.12369440931551026 4.988112404284687 5.027974456606526 5.027974456606527 5.027974456606526 0.7985000504152902 2.140755819817593 5.027974456606526 1.3162542365653982 5.027974456606525 5.027974456606526 1.327443280769643 5.027974456606526 0.13059990772640262 5.027974456606526 4.410063745121119 1.9178067063390167 1.3330748482873156 5.027974456606526 5.027974456606526 1.1874368809881861 4.54717841500679 5.027974456606525 5.027974456606526 4.726501952931582 
1.210544443297013 4.705823332693039 3.314221028703839 1.5412214852427994 1.3307650994703106 1.8497523853859417 1.5640395331639194 4.3973654304250855 0.003206357060544186 5.027974456606528 0.48624555023332083 2.5986160838341776 0.044649501991156984 1.33097971696734 5.027974456606526 4.6928043376581785 4.416725166239661 1.260105256586597 1.189901102086007 1.3038678146917952 5.0030743234374 5.027974456606526 4.79558580170194 0.4689077342763004 1.128410831492544 5.027974456606526 5.027974456606526 5.027974456606526 1.0691304929032086 5.027974456606526 5.027974456606526 1.3835593381877112 5.027974456606526 4.747042022512356 4.336367170896388 
1.4754440750253277 4.968009664749741 4.985769659256148 1.4598437672198163 5.015630970006324 0.5617645407082354 3.0276421537424136 2.366189279836089 4.490040967543556 5.027974456606528 3.797931243466812E-21 4.996073486770241 5.0279744566065245 5.0279744566065245 5.027974456606526 5.027974456606526 0.41548649426568823 1.2752044144295787 5.027974456606526 5.027974456606526 5.027974456606525 5.027974456606525 1.1652533983716595 5.027974456606526 4.359226783290471 5.027974456606526 2.036568248954958 5.027974456606526 4.4815154743206875 4.6812702254772836 5.027974456606526 5.027974456606526 5.002181788301045 5.027974456606526 4.283030969735474 
1.092111035871755 4.976472514478172 1.397591997988096 3.7598777397954986 1.3980770831014158 2.305949947213347 4.162673783822278 3.110650639168284E-4 8.884815048901877E-4 5.027974456606528 0.268352206948379 1.110473766570122 5.027974456606526 5.0279744566065245 1.387700299433213 4.848744960340362 1.5754422281518343 5.027974456606526 5.027974456606526 0.45529581696324006 4.768175150507002 5.017895403780496 1.1403613231705452 5.027974456606526 4.4170150901986505 5.027974456606526 5.027974456606526 5.027974456606526 1.674012749302024 5.027974456606526 5.027974456606526 1.4039886672775923 4.5292058233092405 4.421715911214004 5.027974456606526 
0.0017079356604400983 4.686411514730415 4.4670005244193464E-21 4.8583198685167535 9.083094483213973E-4 4.1403985710374806E-22 4.763504482867645 2.1582556781217015 1.1947804043160153 5.027974456606528 4.524172049877272 5.010542011097564 5.0279744566065245 5.0279744566065245 2.0046724652151426 5.027974456606526 5.027974456606525 4.574424440822355 4.436891771218027 5.027974456606526 4.187939120006658 4.710766701434013 5.027974456606526 4.464920828835252 4.731365112864309 5.027974456606526 4.996851320715176 4.286568435486206 5.027974456606526 5.027974456606526 4.864829159749088 5.027974456606526 5.027974456606526 5.027974456606526 4.757394709550099 
1.4770957045199002 2.531775719322765 0.7924635279001738 5.007339097872901 4.619540510453457 0.5685101427109904 2.111318593898558 5.0022655688445035 1.3298125746383216 5.027974456606528 5.006894356617119 4.74482465363288 0.36979195649683505 5.027974456606526 5.027974456606526 5.013098913796777 5.027974456606526 4.365646663216524 4.6727413395827755 5.027974456606526 1.2688874161627823 1.4787013795008173 4.749179439773652 3.595065896670352 1.2983743876149507 4.4575500680765625 5.027974456606526 5.027974456606526 0.01612455041761523 4.970509974488332 5.027974456606526 1.1728222990555799 4.402206555930193 4.685925754611422 5.027974456606526 
4.4611632172649645E-21 3.1570625085427366 7.800035160742407E-21 4.506555850942174 1.9169055004132904 2.769853949109676 0.07747625361862281 4.470402421574904 2.358419023845948 5.027974456606528 1.8558045787938493 1.6454499723837366 2.8418982537970776 0.649902816737902 5.027974456606526 5.027974456606525 5.027974456606526 5.027974456606526 1.5779074599699112 5.027974456606526 4.267225462318354 5.027974456606526 5.027974456606526 5.027974456606526 1.6910422931196167 5.027974456606526 1.8859381366377377 5.027974456606526 4.98526137981973 4.368637159940881 5.027974456606526 5.027974456606526 4.546512891353271 5.027974456606526 4.572884707819359 
4.47652311444399 2.3574417624284925 0.15366711135029376 2.6850494751099536E-21 4.6135444155902 4.3434886187486725 4.658317021835171 4.68708577847648 2.771350948115192 5.027974456606528 2.7218948221221715 4.716307667618304 1.328517505262307 5.027974456606526 0.4288365566220924 1.0826347043524172 4.698838200698545 5.027974456606526 5.027974456606526 2.233961358048996 5.027974456606526 5.027974456606526 3.1302021298473814 5.027974456606526 1.5518982483791777 5.027974456606526 5.027974456606526 1.4861627266495816 5.027974456606526 5.027974456606526 3.4640648635471414 5.027974456606525 5.027974456606526 5.027974456606526 5.027974456606526 
0.6069139354646521 4.700185525609851 1.2691418621351747 5.014171053658922 1.1978758966090852 4.271686701199701 1.9357442173015516 4.863737093283007 4.8548714017554 5.027974456606528 1.5239459390604526 0.20476811283123 0.0223353343768184 3.472360934638781E-21 1.728643221933241 5.027974456606526 0.6494486714793946 5.027974456606525 4.348888995782378 5.027974456606526 5.027974456606526 1.308668486626206 4.970907811746125 5.027974456606525 5.027974456606526 1.5513385440357217 5.027974456606526 4.458288201433275 5.027974456606525 4.7063239101287735 4.637582250657316 5.027974456606526 5.027974456606526 4.816664838708996 5.027974456606525 
1.7329227503095213 4.70345603273062 4.272936036555934 5.008103503937457 4.751442904987907 4.990297312377608 3.5408814917530536 5.00266829713359 4.855739747491735 5.027974456606528 4.413512826512223 4.749538181149357 6.875335014738266E-23 4.985068737984606E-4 5.027974456606529 5.0279744566065245 1.22871934504483 5.027974456606526 5.027974456606526 5.027974456606526 6.3056917438936504E-21 5.027974456606526 4.685951000199885 5.027974456606526 4.727027664054246 3.0591529642038173 5.027974456606526 4.973669953166657 5.006202442105965 5.027974456606526 5.003787660140766 4.798531520593508 5.027974456606525 4.346921069497048 5.027974456606526 
1.7329227503095213 4.70345603273062 4.272936036555934 5.008103503937457 4.751442904987907 4.990297312369528 3.540881491753063 5.00266829713359 4.855739747491735 5.027974456606528 4.413512826512296 4.749538181149357 5.01128678242601 1.1726827098868 3.0118552955981964E-21 6.020758893603991E-17 1.298824027397683 4.693444142617869 5.027974456606526 5.027974456606526 0.5295439269523345 5.027974456606526 5.026995033711256 1.3549329642868715 4.846183701986285 5.027974456606526 1.5308558150682507 5.027974456606526 4.506000828689085 5.027974456606525 5.027974456606526 1.1388479773074855 4.828859056777242 4.985916308513441 4.622187083786325 
1.7329227503095213 4.70345603273062 4.272936036555934 5.008103503937457 4.751442904987907 4.990297312369528 3.540881491753063 5.00266829713359 4.855739747491735 5.027974456606528 4.413512826512296 4.749538181149357 5.011286782393072 1.172682709885935 5.489233591297142E-21 0.22979621940177414 5.0279744566065245 5.027974456606526 0.8036447014189575 5.0279744566065245 5.027974456606526 5.027974456606526 0.7696284869908754 2.9166887204257606 5.027974456606526 1.4053224969098133 5.027974456606526 5.027974456606525 1.51902192797886 5.027974456606526 5.027974456606526 1.6079951231307956 4.177118407445399 2.2532697654294576 5.027974456606526 
1.7329227503095213 4.70345603273062 4.272936036555934 5.008103503937457 4.751442904987907 4.990297312369528 3.540881491753063 5.00266829713359 4.855739747491735 5.027974456606528 4.413512826512296 4.749538181149357 5.011286782393072 1.1726827098878596 3.004069064191723 4.799530654015135 4.722994458182809E-21 4.84225187624077 3.1282900487388314 2.2291639920232327 0.12415380650845728 5.027974456606526 1.4612377926559676 2.764561000252701E-22 1.463040983990554 4.35496610543087 1.4189047656790916 1.3191188315227937 5.027974456606526 4.617731989699663 4.3447769044741715 5.027974456606526 5.027974456606526 5.027974456606526 5.027974456606526 
1.7329227503095213 4.70345603273062 4.272936036555934 5.008103503937457 4.751442904987907 4.990297312369528 3.540881491753063 5.00266829713359 4.855739747491735 5.027974456606528 4.413512826512296 4.749538181149357 5.011286782393072 1.1726827098878596 3.004069064191736 4.7995306536222 4.818933760138308 4.7569711275463905E-21 2.398182984032849 1.3152429326325477 5.027974456606526 3.0697853979697514 4.651881775407095 1.1155860180883548 1.0719904869662775 2.40935897121917E-21 1.7989592880340686 5.027974456606526 5.027974456606526 5.027974456606526 4.578358607720976 4.819514471630288 1.6408517108785965 4.292798253927542 4.445369042192973 
1.6862272030003005 4.699656669836136 2.906501051336789 0.007730785395800923 4.750843764588158 4.994799635307925 1.384280804631195 5.006172882043277 1.3592644671286964 5.027974456606528 0.017214376817321176 4.500639719166067 0.5531344992793306 3.522245235445879 3.3056230317446498 0.7791413503948773 4.578247227201853 4.2796811973000235 6.408290825606079E-21 2.7025128701142918 4.341556952717047 5.0279744566065245 5.027974456606525 3.0739726912842253 5.027974456606526 5.027974456606526 4.764846263369219 3.571454806792294 5.027974456606525 5.027974456606526 5.016488863200865 5.027974456606526 5.027974456606526 3.051246839544884 5.007509803657739 
1.7329227503095213 4.70345603273062 4.272936036555934 5.008103503937457 4.751442904987907 4.990297312369528 3.540881491753063 5.00266829713359 4.855739747491735 5.027974456606528 4.413512826512296 4.749538181149357 5.011286782393072 1.1726827098878596 3.00406906419174 4.799530802448107 4.820991775296214 5.002466293804905 4.744207624403409 4.5024340192715115 1.7300323569975595 1.7346993812751874 1.4766900846342828 5.027974456606526 5.027974456606526 1.0701872423036414 5.027974456606526 5.027974456606526 1.6744782632641422 4.733559866560415 5.027974456606526 4.522887718116965 4.695356289625975 5.027974456606526 1.4736078176063243 
1.7329227503095213 4.70345603273062 4.272936036555934 5.008103503937457 4.751442904987907 4.990297312369528 3.540881491753063 5.00266829713359 4.855739747491735 5.027974456606528 4.413512826512296 4.749538181149357 5.011286782393072 1.1726827098878596 3.00406906419174 4.799530802448107 4.820991775296214 5.002466293804905 4.746124722924259 4.5011069050519765 3.38426776897624E-21 4.938429587664086 5.027974456606526 5.027974456606525 4.500051048393773 0.0077603040998378715 5.027974456606526 4.855916202801881 4.864278254701337 5.027974456606526 4.2781100278348365 1.3333233184730862 5.027974456606526 5.000302592920202 2.2501003205409784 
1.7329227503095213 4.70345603273062 4.272936036555934 5.008103503937457 4.751442904987907 4.990297312369528 3.540881491753063 5.00266829713359 4.855739747491735 5.027974456606528 4.413512826512296 4.749538181149357 5.011286782393072 1.1726827098878596 3.00406906419174 4.799530802448107 4.820991775296214 5.002466293804905 4.7461247229123735 4.5011069050519605 4.9279079730563105 7.234096821101866E-21 5.027974456606539 0.02235109926850557 4.376410725702901 5.027974456606525 5.027974456606525 5.027974456606526 0.8047028955329238 1.2828454094947148 5.027974456606526 5.027974456606526 1.1018139330052785 4.706551763826798 4.646472847381757 
1.071748044945435 4.698876489469476 2.870706918091837 3.090459009067237 0.12012035573340807 4.996175939308631 3.5671876863471508 5.006642444934903 4.855726245775399 5.027974456606528 4.860906866491474 4.971599615439876 4.856875679421565 3.520153968779618 4.636764098505023 4.989305395164396 4.486669788420009 4.383914274007754 0.5629660985137706 4.16281061254 4.97066368294114 5.023726139947249 5.328868404646592E-21 5.023459921658672 3.289233575323415 4.568779691466783 4.359260450803634 5.027974456606526 1.557809398012273 5.027974456606526 5.027974456606526 1.724782396872222 4.365427607677729 1.3061631797391837 1.537406445158792 
1.7329227503095213 4.70345603273062 4.272936036555934 5.008103503937457 4.751442904987907 4.990297312369528 3.540881491753063 5.00266829713359 4.855739747491735 5.027974456606528 4.413512826512296 4.749538181149357 5.011286782393072 1.1726827098878596 3.00406906419174 4.799530802448107 4.820991775296214 5.002466293804905 4.7461247229123735 4.501106905051958 4.927866325463074 4.717994152300631 5.024040109145617 5.583180842667829E-21 5.0279744566065085 1.1278903250914827 1.8263596308175807 1.3253238571309154 1.4893584052754707 1.2968682572955312 5.027974456606526 5.027974456606526 5.027974456606526 4.52813115450052 5.027974456606526 
1.7329227503095213 4.70345603273062 4.272936036555934 5.008103503937457 4.751442904987907 4.990297312369528 3.540881491753063 5.00266829713359 4.855739747491735 5.027974456606528 4.413512826512296 4.749538181149357 5.011286782393072 1.1726827098878596 3.00406906419174 4.799530802448107 4.820991775296214 5.002466293804905 4.7461247229123735 4.501106905051958 4.927866325463074 4.717994152300631 5.024039777550038 4.069755350738161 1.0084226545439686E-21 2.5335298276940748 5.027974456606526 5.0279744566065245 5.027974456606526 4.703699533271817 4.406752561202585 5.027974456606526 5.027974456606526 5.027974456606526 5.027974456606526 
1.833092607629583 4.69972797846181 4.164154055539375 0.38143114401317885 4.750847989538444 4.137441853102902 4.752342160080051 4.721430589307192 1.5319216642333053 5.027974456606528 1.4807498170536972 4.461307551541418 1.1866846976814032 4.4054662152161095 1.1926878254661963 4.796099298081426 1.8193563099043601 3.848802223434673 4.789769898500345 4.501828629593516 4.363769608250238 4.776739761406508 4.757409251395461 4.825132483497838 0.32907032785657836 5.025757550101651 1.5625593024059239 5.027974456606526 4.67243520402676 5.027974456606526 5.027974456606526 5.027974456606526 5.027974456606525 5.027974456606526 5.027974456606525 
1.7329227503095213 4.70345603273062 4.272936036555934 5.008103503937457 4.751442904987907 4.990297312369528 3.540881491753063 5.00266829713359 4.855739747491735 5.027974456606528 4.413512826512296 4.749538181149357 5.011286782393072 1.1726827098878596 3.00406906419174 4.799530802448107 4.820991775296214 5.002466293804905 4.7461247229123735 4.501106905051958 4.927866325463074 4.717994152300631 5.024039777550038 4.069755350738413 5.025266963521493 
